Taxi,103.83418468413,1.37798734886673,103.833981873487,1.37857999017183,JALAN PARI BURONG,132.078725004,50.0
Trans,103.83418468413,1.37798734886673,103.832731961331,1.37747924462508,JALAN ASAS,162.259079169,50.0
Trans,103.832731961331,1.37747924462508,103.831904185447,1.3783773911356,HOOT KIAM ROAD,132.682736832,60.0
Trans,103.831580416739,1.38008105762526,103.831904185447,1.3783773911356,ETTRICK TERRACE,31.1882676358,40.0
Trans,103.833571109835,1.38077936169336,103.831580416739,1.38008105762526,HUA GUAN AVENUE,36.5673187146,40.0
Trans,103.833571109835,1.38077936169336,103.834242671375,1.38098641130351,HOLLAND GROVE VIEW,45.1466102573,50.0
Trans,103.83559816836,1.38188724206488,103.834242671375,1.38098641130351,QUEEN ASTRID PARK,42.2117981185,40.0
Trans,103.837328578005,1.38401090595505,103.83559816836,1.38188724206488,ADMIRALTY STREET,206.441109262,50.0
Trans,103.838642179433,1.38228307297627,103.837328578005,1.38401090595505,CEYLON ROAD,120.244639013,50.0
Trans,103.838642179433,1.38228307297627,103.840052119691,1.38314571283913,YUNNAN ROAD,97.5839008964,50.0
Trans,103.840052119691,1.38314571283913,103.843142450031,1.38397729317034,JALAN TENGGIRI,137.599190796,50.0
Trans,103.843142450031,1.38397729317034,103.841626695927,1.38773910065319,TANAH MERAH KECHIL RIDGE,121.131908051,50.0
Trans,103.840429664433,1.38990053476655,103.841626695927,1.38773910065319,WARNA ROAD,259.302461245,50.0
Trans,103.837502462717,1.39199022334129,103.840429664433,1.38990053476655,SERVICE ROAD,28.9296838581,50.0
Trans,103.833444738951,1.39429424561761,103.837502462717,1.39199022334129,BINCHANG RISE,71.7286532744,50.0
Trans,103.827372126535,1.39294778570841,103.833444738951,1.39429424561761,SHIPYARD ROAD,136.709631321,50.0
Trans,103.818822489484,1.39434085759894,103.827372126535,1.39294778570841,DUKU PLACE,77.6612603929,50.0
Trans,103.815634014844,1.39557161871575,103.818822489484,1.39434085759894,JURONG WEST STREET 64,256.442251444,50.0
Trans,103.814114750885,1.39734546723827,103.815634014844,1.39557161871575,RIFLE RANGE ROAD,84.5541109136,50.0
Trans,103.812995886732,1.40035642458724,103.814114750885,1.39734546723827,YISHUN AVENUE 4,141.173464655,50.0
Trans,103.811808683911,1.40272644815698,103.812995886732,1.40035642458724,OLD CHOA CHU KANG ROAD,241.411715182,50.0
Trans,103.810045578449,1.40506527193612,103.811808683911,1.40272644815698,WOODLANDS AVENUE 1,283.214574062,50.0
Trans,103.808021055817,1.40568587026344,103.810045578449,1.40506527193612,FABER DRIVE,71.284233097,40.0
Trans,103.80600931711,1.41083946469866,103.808021055817,1.40568587026344,COMPASSVALE ROAD,197.487551461,50.0
Trans,103.804798082315,1.41485527012871,103.80600931711,1.41083946469866,JALAN RINDU,37.0332663708,50.0
Trans,103.804798082315,1.41485527012871,103.803195334122,1.41608313536515,JALAN KILANG,105.820331102,50.0
Trans,103.803195334122,1.41608313536515,103.801311283585,1.41606579989233,MANDALAY ROAD,93.6602248544,50.0
Trans,103.801311283585,1.41606579989233,103.798070833387,1.41530721745044,TAI SENG STREET,291.756210419,50.0
Trans,103.794679331401,1.4143417196649,103.798070833387,1.41530721745044,LINCOLN ROAD,44.6559598099,50.0
Trans,103.790769379761,1.41296892552411,103.794679331401,1.4143417196649,SERVICE ROAD,82.5167100307,50.0
Trans,103.790452033327,1.41285862973301,103.790769379761,1.41296892552411,LEEDON PARK,72.8297462718,50.0
Trans,103.790452033327,1.41285862973301,103.78733856665,1.41222795279124,CENTRAL EXPRESSWAY,179.872572865,82.0
Trans,103.783220543508,1.41090311576703,103.78733856665,1.41222795279124,.,509.610287848,50.0
Trans,103.778476698369,1.41082528931703,103.783220543508,1.41090311576703,SERANGOON AVENUE 1,166.649808436,50.0
Trans,103.77595551787,1.41078241217903,103.778476698369,1.41082528931703,PASIR PANJANG DRIVE,43.0115503571,50.0
Trans,103.771683383031,1.40999018619883,103.77595551787,1.41078241217903,SERVICE ROAD,76.9751364064,50.0
Trans,103.771683383031,1.40999018619883,103.767497004593,1.41014379798348,OUTRAM ROAD,287.077068196,60.0
Trans,103.763113742059,1.41050848781307,103.767497004593,1.41014379798348,FRANKEL WALK,125.427755299,40.0
Trans,103.760391622543,1.41174812301074,103.763113742059,1.41050848781307,JALAN BINCHANG,146.784975009,40.0
Trans,103.755854126282,1.41147426420197,103.760391622543,1.41174812301074,ANG MO KIO AVENUE 5,235.777825836,60.0
Trans,103.755854126282,1.41147426420197,103.755959562819,1.40848714918575,SIGLAP HILL,88.0073460795,40.0
Trans,103.756088172211,1.4074369264771,103.755959562819,1.40848714918575,MARSILING ROAD,310.207682694,50.0
Trans,103.756088172211,1.4074369264771,103.756173580235,1.40507378594688,UPPER SERANGOON ROAD,145.832579236,65.0
Trans,103.756173580235,1.40507378594688,103.756044043667,1.40283742579768,STILL ROAD,83.3758655404,60.0
Trans,103.756044043667,1.40283742579768,103.755186491159,1.39867496825191,LORONG SARINA,70.4823723939,50.0
Trans,103.755186491159,1.39867496825191,103.754451252578,1.39658560831586,CHENG SOON GARDEN,58.5704971235,50.0
Trans,103.754451252578,1.39658560831586,103.753881150277,1.39437074709234,CHESTNUT AVENUE,580.472260216,50.0
Trans,103.753994641318,1.3935333315747,103.753881150277,1.39437074709234,CORONATION WALK,195.805767726,50.0
Trans,103.754245532786,1.39168200972172,103.753994641318,1.3935333315747,FABER DRIVE,70.2601409798,40.0
Trans,103.755161723282,1.38876859862697,103.754245532786,1.39168200972172,TELOK KURAU ROAD,98.5618469922,50.0
Trans,103.750963382125,1.38937764287043,103.755161723282,1.38876859862697,TOA PAYOH WEST,339.24219485,50.0
Trans,103.745579982283,1.38940148977097,103.750963382125,1.38937764287043,SUNGEI KADUT STREET 6,124.705716047,50.0
Trans,103.745579982283,1.38940148977097,103.741554568918,1.38667397924363,UPPER CHANGI ROAD,164.366930949,50.0
Trans,103.707326869664,1.36468060378374,103.741554568918,1.38667397924363,SERVICE ROAD,78.8757370873,50.0
Trans,103.707326869664,1.36468060378374,103.713546717833,1.35785512091286,CANNING RISE,49.0562946473,50.0
Trans,103.71741265684,1.35603256089955,103.713546717833,1.35785512091286,.,423.816584703,50.0
Trans,103.71741265684,1.35603256089955,103.723318162176,1.35536389237183,UPPER JURONG ROAD,98.4912447843,70.0
Trans,103.723318162176,1.35536389237183,103.725951282173,1.35465853770207,BUKIT MERAH LANE 2,99.4338426637,50.0
Trans,103.727977996053,1.35369738844966,103.725951282173,1.35465853770207,UPPER SERANGOON ROAD,219.584283857,65.0
Trans,103.728397504622,1.3534726936149,103.727977996053,1.35369738844966,TOH GUAN ROAD,111.501229879,60.0
Trans,103.728397504622,1.3534726936149,103.7318101576,1.35134348892899,SERVICE ROAD,84.5539781095,50.0
Trans,103.7318101576,1.35134348892899,103.732097268148,1.35111370087078,CAVAN ROAD,35.9011626024,50.0
Trans,103.732097268148,1.35111370087078,103.734202448669,1.34893801806942,THOMSON HILL,74.021851407,50.0
Trans,103.737356022319,1.34600458189761,103.734202448669,1.34893801806942,WINDSOR PARK ROAD,73.2586907498,40.0
Trans,103.738052298384,1.34742739154402,103.737356022319,1.34600458189761,JALAN SENANG,57.3774012695,40.0
Trans,103.738052298384,1.34742739154402,103.738147030617,1.34976047568017,BALMORAL ROAD,42.3008044382,50.0
Trans,103.739559964699,1.34980246384796,103.738147030617,1.34976047568017,GATEWAY LINK,150.476704229,50.0
Trans,103.74228807329,1.35005299885827,103.739559964699,1.34980246384796,LENTOR GREEN,98.0610243054,50.0
Trans,103.744630583609,1.34904129431805,103.74228807329,1.35005299885827,LORONG 102 CHANGI,196.41263407,50.0
Trans,103.744860190717,1.34758223950436,103.744630583609,1.34904129431805,TOH TUCK ROAD,58.1449917657,50.0
Trans,103.744860190717,1.34758223950436,103.746974149353,1.34591835790281,LOYANG VIEW,60.7515597278,50.0
Trans,103.74937512256,1.34514090151328,103.746974149353,1.34591835790281,MENG SUAN ROAD,152.014055602,50.0
Trans,103.751260239523,1.34512245493769,103.74937512256,1.34514090151328,HUA GUAN CRESCENT,65.9838568443,40.0
Trans,103.754540733193,1.34422183866746,103.751260239523,1.34512245493769,NEO TIEW ROAD,291.640815189,50.0
Trans,103.757624124878,1.34547038282878,103.754540733193,1.34422183866746,SIXTH AVENUE,56.2768876502,50.0
Trans,103.75881545998,1.34298207713111,103.757624124878,1.34547038282878,PUNGGOL FIELD,217.801006931,50.0
Trans,103.759816767542,1.34029081294636,103.75881545998,1.34298207713111,SERVICE ROAD,74.5655603263,50.0
Trans,103.760423689546,1.33761292523319,103.759816767542,1.34029081294636,SERVICE ROAD,40.2934239988,50.0
Trans,103.759710078853,1.33536952925894,103.760423689546,1.33761292523319,JALAN TARI ZAPIN,107.364165186,50.0
Trans,103.758824710776,1.33069396390403,103.759710078853,1.33536952925894,ARAB STREET,126.486596432,50.0
Start,103.758824710776,1.33069396390403,103.759710078853,1.33536952925894,ARAB STREET,126.486596432,50.0
Trans,103.759710078853,1.33536952925894,103.764556923891,1.3327275954121,SEMBAWANG ROAD,208.000776296,63.3333333333333
Trans,103.764556923891,1.3327275954121,103.764008835405,1.32863559308386,BISHAN ROAD,359.655435069,60.0
Trans,103.764008835405,1.32863559308386,103.76418929008,1.32586969276971,CLEMENTI AVENUE 6,306.505909872,70.0
Trans,103.76418929008,1.32586969276971,103.763920032633,1.32108111334032,SEA BREEZE AVENUE,42.9361637111,50.0
Trans,103.763107553644,1.31889835858752,103.763920032633,1.32108111334032,BISHAN PLACE,62.5637726742,50.0
Trans,103.764817264853,1.31606827692308,103.763107553644,1.31889835858752,OUTRAM PARK,279.718352863,50.0
Trans,103.764817264853,1.31606827692308,103.76578635419,1.31386377481142,MEI HWAN CRESCENT,72.6122120663,50.0
Trans,103.76578635419,1.31386377481142,103.766499778317,1.31292339684295,DEFU LANE 10,124.137855175,50.0
Trans,103.766499778317,1.31292339684295,103.767850238678,1.31207324222252,MARGATE ROAD,159.112629787,50.0
Trans,103.766031618234,1.30845048397405,103.767850238678,1.31207324222252,JALAN DEMAK,70.4747045315,50.0
Trans,103.77068026184,1.30463210272155,103.766031618234,1.30845048397405,SARACA DRIVE,100.009527546,50.0
Trans,103.77068026184,1.30463210272155,103.7786327866,1.30002101087675,GREENWOOD PLACE,54.2673263263,50.0
Trans,103.7786327866,1.30002101087675,103.780949656213,1.29864181618961,ANDERSON ROAD,157.462889699,50.0
Trans,103.780949656213,1.29864181618961,103.783287776383,1.29724437358878,CUMMING STREET,128.88377458,50.0
Trans,103.786066810657,1.29420266416378,103.783287776383,1.29724437358878,PASIR RIS TERRACE,153.967217412,50.0
Trans,103.786066810657,1.29420266416378,103.790544010816,1.2908227239604,PEIRCE ROAD,54.130313196,50.0
Trans,103.79077150935,1.2906690389095,103.790544010816,1.2908227239604,AYER RAJAH EXPRESSWAY,30.4929464695,84.0
Trans,103.792792076516,1.28910803635035,103.79077150935,1.2906690389095,AYER RAJAH EXPRESSWAY,283.713970687,84.0
Trans,103.792792076516,1.28910803635035,103.795253242304,1.28752949896409,PASIR RIS LANE,127.621434409,50.0
Trans,103.795253242304,1.28752949896409,103.797218272048,1.28635526666629,SENG POH ROAD,75.8299683713,50.0
Trans,103.797218272048,1.28635526666629,103.801279061722,1.28412979280306,SEMBAWANG PLACE,92.0428382663,50.0
Trans,103.807293582814,1.28372960570046,103.801279061722,1.28412979280306,RICHARDS PLACE,124.198932034,40.0
Trans,103.807293582814,1.28372960570046,103.810775845459,1.28351153168239,HILLCREST ROAD,65.3149403458,40.0
Trans,103.810775845459,1.28351153168239,103.814542206792,1.28238675846688,CLUNY PARK,68.5105936189,50.0
Trans,103.814542206792,1.28238675846688,103.817786224598,1.28040424307152,GREENLEAF WALK,110.59657394,40.0
Trans,103.817786224598,1.28040424307152,103.820251033564,1.27908323052175,BUKIT BATOK STREET 23,251.180506503,50.0
Trans,103.820251033564,1.27908323052175,103.823694418329,1.27855426322359,WIMBORNE ROAD,82.2653419092,50.0
Trans,103.82995145612,1.27432045542929,103.823694418329,1.27855426322359,WEST COAST RISE,123.879586033,50.0
Trans,103.830283897194,1.27402968170374,103.82995145612,1.27432045542929,MANDAI ROAD,466.654147242,70.0
Trans,103.832436628249,1.27241691064474,103.830283897194,1.27402968170374,TAMARIND ROAD,119.726268299,50.0
Trans,103.837207991702,1.27252430107785,103.832436628249,1.27241691064474,MING TECK PARK,59.7720788276,50.0
Trans,103.839758797027,1.27261210064642,103.837207991702,1.27252430107785,KEE CHOE AVENUE,160.986186007,40.0
Trans,103.842132685775,1.27269306251119,103.839758797027,1.27261210064642,MALACCA STREET,108.419950217,50.0
Trans,103.842132685775,1.27269306251119,103.843027430702,1.27272736162142,SERVICE ROAD,259.292945501,50.0
Trans,103.843027430702,1.27272736162142,103.843865157011,1.2727434496624,PANDAN ROAD,243.041162714,50.0
Trans,103.844559980874,1.27345771839639,103.843865157011,1.2727434496624,LOYANG RISE,145.908181222,50.0
Trans,103.844559980874,1.27345771839639,103.845013603583,1.27402965687678,SHELFORD ROAD,134.199693155,50.0
Trans,103.845013603583,1.27402965687678,103.845192486843,1.27423115963385,SEA BREEZE GROVE,46.5941944156,50.0
Trans,103.845192486843,1.27423115963385,103.845725451325,1.27484951681298,ANSON ROAD,90.5334562195,50.0
Trans,103.845725451325,1.27484951681298,103.84668393267,1.27406154839088,BARKER ROAD,47.3968598037,50.0
Trans,103.847444464243,1.27499273999215,103.84668393267,1.27406154839088,QUEEN STREET,97.4811061995,50.0
Trans,103.847444464243,1.27499273999215,103.848166703774,1.27603671205685,KISMIS GREEN,76.9325066196,50.0
Trans,103.848166703774,1.27603671205685,103.852465252007,1.27341830446245,CHATSWORTH PARK,160.329937844,50.0
Trans,103.857558375196,1.27036775940644,103.852465252007,1.27341830446245,TUAS SOUTH AVENUE 3,353.247426902,70.0
Trans,103.863197188813,1.2726142979257,103.857558375196,1.27036775940644,LAVENDER STREET,49.4484135069,60.0
Trans,103.860992711001,1.27419254261402,103.863197188813,1.2726142979257,SIGLAP ROAD,137.13942894,50.0
Trans,103.857423040422,1.27644912729932,103.860992711001,1.27419254261402,SERVICE ROAD,99.4930958366,50.0
Trans,103.858426185742,1.2780426087204,103.857423040422,1.27644912729932,PASIR RIS DRIVE 12,304.857438407,60.0
Trans,103.858426185742,1.2780426087204,103.859984487955,1.28042843807694,MAS KUNING TERRACE,97.5632261856,50.0
Trans,103.861525882844,1.28509565062514,103.859984487955,1.28042843807694,PENANG LANE,121.134721635,50.0
Trans,103.861525882844,1.28509565062514,103.861745895653,1.29234408248244,CHIN BEE AVENUE,114.501864998,50.0
Trans,103.85907664123,1.29717325596969,103.861745895653,1.29234408248244,.,76.8177959422,50.0
Trans,103.857970408026,1.29834056892287,103.85907664123,1.29717325596969,SOUTH BUONA VISTA ROAD,142.295926423,40.0
Trans,103.857027313727,1.29738825730716,103.857970408026,1.29834056892287,FIGARO STREET,71.5533137847,40.0
Trans,103.857027313727,1.29738825730716,103.856364261516,1.29655925059113,SERVICE ROAD,47.7971240108,50.0
Trans,103.856364261516,1.29655925059113,103.855919055347,1.29590968397105,VANDA ROAD,49.4452909273,50.0
Trans,103.855919055347,1.29590968397105,103.855549472029,1.2953653727007,BEACH ROAD,72.9012331537,50.0
Trans,103.855549472029,1.2953653727007,103.854624609466,1.29390486698682,SUNRISE DRIVE,74.0612058013,50.0
Trans,103.855890108702,1.29309200510032,103.854624609466,1.29390486698682,PIONEER PLACE,75.5372388433,50.0
Trans,103.855890108702,1.29309200510032,103.857321112098,1.29542920963581,CHANGI ROAD,128.424535764,60.0
Trans,103.857321112098,1.29542920963581,103.858944177546,1.29731073144337,LENGKOK MERAK,74.876867252,50.0
Trans,103.860348534623,1.29858352182727,103.858944177546,1.29731073144337,TAO CHING ROAD,197.075822008,50.0
Trans,103.860348534623,1.29858352182727,103.862497354763,1.30015232334893,LORNIE ROAD,96.465097499,70.0
Trans,103.863328568927,1.30076936573879,103.862497354763,1.30015232334893,THIRD STREET,44.2819968475,50.0
Trans,103.863328568927,1.30076936573879,103.866960427546,1.30332542131482,INTERNATIONAL BUSINESS PARK,131.234204426,50.0
Trans,103.866221017107,1.30426107774439,103.866960427546,1.30332542131482,SERVICE ROAD,44.4915322525,50.0
Trans,103.864959091996,1.30617447877637,103.866221017107,1.30426107774439,KHEAM HOCK ROAD,28.3651875405,40.0
Trans,103.864422729399,1.30700330390303,103.864959091996,1.30617447877637,TUAS SOUTH AVENUE 5,351.303745559,70.0
Trans,103.864422729399,1.30700330390303,103.864019192702,1.30865395086878,WOODLANDS ROAD,117.065776884,60.0
Trans,103.865708925702,1.30915934918348,103.864019192702,1.30865395086878,JALAN TELANG,170.439143167,40.0
Trans,103.865708925702,1.30915934918348,103.867173142865,1.30952172918261,BUKIT BATOK STREET 52,492.212266781,50.0
Trans,103.868871914191,1.30996521520661,103.867173142865,1.30952172918261,XILIN AVENUE,901.563057238,70.0
Trans,103.868871914191,1.30996521520661,103.872158429405,1.31025060603597,OLD UPPER THOMSON ROAD,171.943054607,50.0
Trans,103.872158429405,1.31025060603597,103.872685154348,1.31048110481282,WAJEK WALK,82.7649553831,50.0
Trans,103.874586001106,1.31128009408059,103.872685154348,1.31048110481282,TAMARIND ROAD,98.3376296763,50.0
Trans,103.875235610635,1.31153517760492,103.874586001106,1.31128009408059,CHU YEN STREET,111.572822965,40.0
Trans,103.875783851674,1.31174681082325,103.875235610635,1.31153517760492,GUL WAY,250.820186308,50.0
Trans,103.875783851674,1.31174681082325,103.876640093811,1.31207650060996,TUAS AVENUE 1,261.101785106,50.0
Trans,103.876640093811,1.31207650060996,103.878119792996,1.31243636541617,TUAS AVENUE 5,337.960867637,50.0
Trans,103.879360601513,1.31262977427083,103.878119792996,1.31243636541617,LORONG TANGGAM,261.570704297,50.0
End,103.879360601513,1.31262977427083,103.879248825088,1.31349294986829,SEMBAWANG ROAD,264.674172669,63.3333333333333
Taxi,103.826659749764,1.31863397197468,103.826070917265,1.31882501744017,.,288.123093297,50.0
Trans,103.826070917265,1.31882501744017,103.825628590693,1.31897257577413,KALLANG WAY 5,138.887451032,50.0
Trans,103.825628590693,1.31897257577413,103.825457738147,1.32045424959931,MEI HWAN DRIVE,63.4532745916,50.0
Trans,103.825457738147,1.32045424959931,103.82549624089,1.32100276815722,LORONG PAYA LEBAR,55.6838968461,50.0
Trans,103.82549624089,1.32100276815722,103.825972346719,1.32243269021079,WATTEN DRIVE,187.066305402,40.0
Trans,103.827267484501,1.32651064070624,103.825972346719,1.32243269021079,YISHUN STREET 61,66.0532063775,50.0
Trans,103.824488572697,1.32825739387868,103.827267484501,1.32651064070624,COTSWOLD CLOSE,69.7409267272,40.0
Trans,103.821620788289,1.32981603307545,103.824488572697,1.32825739387868,JALAN GEMALA,233.427107073,50.0
Trans,103.820250768373,1.3304200428215,103.821620788289,1.32981603307545,TOH TUCK PLACE,71.5787203376,50.0
Trans,103.819715933245,1.33070410206603,103.820250768373,1.3304200428215,JURONG WEST STREET 91,295.940674925,50.0
Trans,103.816568675161,1.3325980944777,103.819715933245,1.33070410206603,BROADRICK ROAD,123.412684768,50.0
Trans,103.810241912785,1.33570919409656,103.816568675161,1.3325980944777,.,66.9152989869,50.0
Trans,103.806489591115,1.33900703615722,103.810241912785,1.33570919409656,WEST COAST GROVE,40.0939973575,50.0
Trans,103.803725663501,1.34184555423763,103.806489591115,1.33900703615722,TANJONG KATONG ROAD,182.350773726,50.0
Trans,103.801363471325,1.34434969496763,103.803725663501,1.34184555423763,GUL DRIVE,209.4342184,50.0
Trans,103.799663605152,1.34612978596243,103.801363471325,1.34434969496763,JALAN ANGKLONG,71.4335790153,50.0
Trans,103.791334947958,1.34951312954048,103.799663605152,1.34612978596243,GUL LANE,473.55358299,50.0
Trans,103.787769955747,1.35346151191621,103.791334947958,1.34951312954048,CARLISLE ROAD,120.139024635,50.0
Trans,103.787396819066,1.3536992537139,103.787769955747,1.35346151191621,JALAN SENANG,173.861442649,40.0
Trans,103.785083020741,1.3552561278166,103.787396819066,1.3536992537139,WOODLANDS DRIVE 63,136.568076045,50.0
Trans,103.783151737009,1.35703252779984,103.785083020741,1.3552561278166,DEFU LANE 5,75.4480262118,50.0
Trans,103.783151737009,1.35703252779984,103.781230188346,1.35974879351628,SERVICE ROAD,45.1422191546,50.0
Trans,103.781230188346,1.35974879351628,103.780257683469,1.36215639405514,SERVICE ROAD,57.6210066437,50.0
Trans,103.779618225194,1.36538382858254,103.780257683469,1.36215639405514,AYER RAJAH EXPRESSWAY,72.11423745,84.0
Trans,103.779175147885,1.36799259046728,103.779618225194,1.36538382858254,JALAN NAGA SARI,173.918903645,50.0
Trans,103.779175147885,1.36799259046728,103.778128220933,1.37209601139266,GHIM MOH ROAD,157.294532511,50.0
Trans,103.778128220933,1.37209601139266,103.777093349585,1.37548445049301,MARINE PARADE ROAD,168.059125387,60.0
Trans,103.777093349585,1.37548445049301,103.773356086822,1.37647089679978,JALAN LAPANG,86.4101451187,40.0
Trans,103.773356086822,1.37647089679978,103.77183756345,1.37740383637633,JALAN JELITA,61.5204697605,50.0
Trans,103.77183756345,1.37740383637633,103.770374200084,1.37830900924303,YISHUN INDUSTRIAL PARK A,214.609158944,50.0
Trans,103.769197629095,1.37904140624353,103.770374200084,1.37830900924303,SIGLAP DRIVE,71.797585503,40.0
Trans,103.767597140768,1.38004707830375,103.769197629095,1.37904140624353,SELETAR CLOSE,71.3425792304,40.0
Trans,103.767597140768,1.38004707830375,103.766230616148,1.37784180578891,.,96.0949428371,50.0
Trans,103.764716968219,1.37815857232407,103.766230616148,1.37784180578891,LOTUS AVENUE,65.2989556468,50.0
Trans,103.763628720253,1.37788447588716,103.764716968219,1.37815857232407,CHANGI ROAD,72.6074076786,60.0
Trans,103.762161443792,1.37748071869067,103.763628720253,1.37788447588716,JALAN BELIBAS,101.51036802,50.0
Trans,103.761234391771,1.37966667154314,103.762161443792,1.37748071869067,SERANGOON AVENUE 3,221.153415906,50.0
Trans,103.761234391771,1.37966667154314,103.759281584524,1.38330148114462,CASHEW ROAD,137.02607948,50.0
Trans,103.757795713585,1.38476321721376,103.759281584524,1.38330148114462,JALAN PARI BURONG,90.8260406806,50.0
Trans,103.755161723282,1.38876859862697,103.757795713585,1.38476321721376,UPPER EAST COAST ROAD,244.275471589,50.0
Trans,103.750963382125,1.38937764287043,103.755161723282,1.38876859862697,TOA PAYOH WEST,339.24219485,50.0
Trans,103.745579982283,1.38940148977097,103.750963382125,1.38937764287043,SUNGEI KADUT STREET 6,124.705716047,50.0
Trans,103.745579982283,1.38940148977097,103.741554568918,1.38667397924363,UPPER CHANGI ROAD,164.366930949,50.0
Trans,103.707326869664,1.36468060378374,103.741554568918,1.38667397924363,SERVICE ROAD,78.8757370873,50.0
Trans,103.697882854184,1.3550743300599,103.707326869664,1.36468060378374,TUAS VIEW SQUARE,159.53273049,50.0
Trans,103.690463030012,1.34604183673788,103.697882854184,1.3550743300599,YIO CHU KANG ROAD,177.017159897,56.6666666666667
Trans,103.690463030012,1.34604183673788,103.691161018008,1.34484547109125,JALAN RAJAWALI,64.6211736586,50.0
Trans,103.691161018008,1.34484547109125,103.691749015109,1.34403200383305,EAST COAST ROAD,175.33151225,50.0
Trans,103.691749015109,1.34403200383305,103.692507869947,1.34305954101269,BEATTY ROAD,76.7022212298,50.0
Trans,103.693275673477,1.34210113863825,103.692507869947,1.34305954101269,PASIR PANJANG DRIVE,74.845087636,50.0
Trans,103.693275673477,1.34210113863825,103.694989632887,1.33982796791854,WOODLANDS RING ROAD,279.544893265,50.0
Trans,103.694989632887,1.33982796791854,103.696074572399,1.33709936455516,RIVER VALLEY CLOSE,192.451792731,50.0
Trans,103.696528740312,1.33483332752232,103.696074572399,1.33709936455516,STRATTON ROAD,75.6338317051,50.0
Trans,103.696528740312,1.33483332752232,103.696518641068,1.33212094744417,IQBAL AVENUE,90.8261073201,40.0
Trans,103.696518641068,1.33212094744417,103.696518515547,1.33137262327183,PIONEER ROAD NORTH,211.750017814,60.0
Trans,103.696518515547,1.33137262327183,103.6965183819,1.33061207601538,SERVICE ROAD,64.5866160454,50.0
Trans,103.696544749493,1.32776305488163,103.6965183819,1.33061207601538,THOMSON CLOSE,69.3092316642,50.0
Trans,103.696514938749,1.32460901970595,103.696544749493,1.32776305488163,JALAN KELEMPONG,76.380576794,50.0
Trans,103.696499555916,1.3226941737105,103.696514938749,1.32460901970595,MANDALAY ROAD,120.255446949,50.0
Trans,103.696499555916,1.3226941737105,103.693459618645,1.32273558240833,NAMLY DRIVE,72.8966662155,40.0
Trans,103.693459618645,1.32273558240833,103.690554966766,1.32273697039848,CHESTNUT CRESCENT,79.272347435,50.0
Trans,103.690554966766,1.32273697039848,103.687242018956,1.3227390726984,CEYLON ROAD,161.469551045,50.0
Trans,103.687242018956,1.3227390726984,103.684081895288,1.32274107354447,EUNOS ROAD 2,59.7163562138,50.0
Trans,103.684081895288,1.32274107354447,103.679120787851,1.3226985529811,CHEOW KENG ROAD,72.6411574447,50.0
Trans,103.679120787851,1.3226985529811,103.675926051378,1.32251447621793,TIONG POH ROAD,72.2262487216,50.0
Trans,103.675926051378,1.32251447621793,103.67285183236,1.32229528846355,JALAN MAS PUTEH,142.33614932,40.0
Trans,103.67285183236,1.32229528846355,103.67006210438,1.32209487421536,LINCOLN ROAD,46.2876422356,50.0
Trans,103.67021459517,1.31993183655906,103.67006210438,1.32209487421536,ERSKINE ROAD,151.980528155,50.0
Trans,103.670403201151,1.31725225573041,103.67021459517,1.31993183655906,JOO KOON CIRCLE,324.860730013,50.0
Trans,103.670561822202,1.31498956198459,103.670403201151,1.31725225573041,AYER RAJAH EXPRESSWAY,48.2252613817,84.0
Trans,103.670640754998,1.31385936310081,103.670561822202,1.31498956198459,VICTORIA STREET,78.8294038446,60.0
Trans,103.670767721716,1.31204676349353,103.670640754998,1.31385936310081,JURONG WEST STREET 41,205.747897245,50.0
Trans,103.670767721716,1.31204676349353,103.667019934508,1.31219333278075,GUL CIRCLE,420.801461271,50.0
Trans,103.667019934508,1.31219333278075,103.66674269918,1.31103628002224,JALAN EMAS URAI,66.2599051574,50.0
Trans,103.66674269918,1.31103628002224,103.666010365295,1.30948004121551,INTERNATIONAL ROAD,210.620211514,60.0
Trans,103.666010365295,1.30948004121551,103.665101640382,1.30937147435716,UPPER BUKIT TIMAH ROAD,83.0351774036,63.3333333333333
Trans,103.665270910192,1.30800948670408,103.665101640382,1.30937147435716,JALAN TAMBAN,57.9155774807,50.0
Trans,103.665270910192,1.30800948670408,103.662829939818,1.30817185860299,JALAN SAYANG,43.7382118686,40.0
Start,103.665270910192,1.30800948670408,103.662829939818,1.30817185860299,JALAN SAYANG,43.7382118686,40.0
Trans,103.665270910192,1.30800948670408,103.665101640382,1.30937147435716,JALAN TAMBAN,57.9155774807,50.0
Trans,103.666010365295,1.30948004121551,103.665101640382,1.30937147435716,UPPER BUKIT TIMAH ROAD,83.0351774036,63.3333333333333
Trans,103.66674269918,1.31103628002224,103.666010365295,1.30948004121551,INTERNATIONAL ROAD,210.620211514,60.0
Trans,103.667019934508,1.31219333278075,103.66674269918,1.31103628002224,JALAN EMAS URAI,66.2599051574,50.0
Trans,103.670767721716,1.31204676349353,103.667019934508,1.31219333278075,GUL CIRCLE,420.801461271,50.0
Trans,103.670767721716,1.31204676349353,103.670640754998,1.31385936310081,JURONG WEST STREET 41,205.747897245,50.0
Trans,103.670640754998,1.31385936310081,103.670561822202,1.31498956198459,VICTORIA STREET,78.8294038446,60.0
Trans,103.670561822202,1.31498956198459,103.670403201151,1.31725225573041,AYER RAJAH EXPRESSWAY,48.2252613817,84.0
Trans,103.670403201151,1.31725225573041,103.67021459517,1.31993183655906,JOO KOON CIRCLE,324.860730013,50.0
Trans,103.67021459517,1.31993183655906,103.67006210438,1.32209487421536,ERSKINE ROAD,151.980528155,50.0
Trans,103.67285183236,1.32229528846355,103.67006210438,1.32209487421536,LINCOLN ROAD,46.2876422356,50.0
Trans,103.675926051378,1.32251447621793,103.67285183236,1.32229528846355,JALAN MAS PUTEH,142.33614932,40.0
Trans,103.679120787851,1.3226985529811,103.675926051378,1.32251447621793,TIONG POH ROAD,72.2262487216,50.0
Trans,103.684081895288,1.32274107354447,103.679120787851,1.3226985529811,CHEOW KENG ROAD,72.6411574447,50.0
Trans,103.687242018956,1.3227390726984,103.684081895288,1.32274107354447,EUNOS ROAD 2,59.7163562138,50.0
Trans,103.690554966766,1.32273697039848,103.687242018956,1.3227390726984,CEYLON ROAD,161.469551045,50.0
Trans,103.693459618645,1.32273558240833,103.690554966766,1.32273697039848,CHESTNUT CRESCENT,79.272347435,50.0
Trans,103.696499555916,1.3226941737105,103.693459618645,1.32273558240833,NAMLY DRIVE,72.8966662155,40.0
Trans,103.696499555916,1.3226941737105,103.696514938749,1.32460901970595,MANDALAY ROAD,120.255446949,50.0
Trans,103.696514938749,1.32460901970595,103.696544749493,1.32776305488163,JALAN KELEMPONG,76.380576794,50.0
Trans,103.696544749493,1.32776305488163,103.6965183819,1.33061207601538,THOMSON CLOSE,69.3092316642,50.0
Trans,103.696518515547,1.33137262327183,103.6965183819,1.33061207601538,SERVICE ROAD,64.5866160454,50.0
Trans,103.696518641068,1.33212094744417,103.696518515547,1.33137262327183,PIONEER ROAD NORTH,211.750017814,60.0
Trans,103.696528740312,1.33483332752232,103.696518641068,1.33212094744417,IQBAL AVENUE,90.8261073201,40.0
Trans,103.696528740312,1.33483332752232,103.696074572399,1.33709936455516,STRATTON ROAD,75.6338317051,50.0
Trans,103.694989632887,1.33982796791854,103.696074572399,1.33709936455516,RIVER VALLEY CLOSE,192.451792731,50.0
Trans,103.693275673477,1.34210113863825,103.694989632887,1.33982796791854,WOODLANDS RING ROAD,279.544893265,50.0
Trans,103.693275673477,1.34210113863825,103.692507869947,1.34305954101269,PASIR PANJANG DRIVE,74.845087636,50.0
Trans,103.691749015109,1.34403200383305,103.692507869947,1.34305954101269,BEATTY ROAD,76.7022212298,50.0
Trans,103.691161018008,1.34484547109125,103.691749015109,1.34403200383305,EAST COAST ROAD,175.33151225,50.0
Trans,103.690463030012,1.34604183673788,103.691161018008,1.34484547109125,JALAN RAJAWALI,64.6211736586,50.0
Trans,103.690463030012,1.34604183673788,103.697882854184,1.3550743300599,YIO CHU KANG ROAD,177.017159897,56.6666666666667
Trans,103.697882854184,1.3550743300599,103.707326869664,1.36468060378374,TUAS VIEW SQUARE,159.53273049,50.0
Trans,103.707326869664,1.36468060378374,103.741554568918,1.38667397924363,SERVICE ROAD,78.8757370873,50.0
Trans,103.745579982283,1.38940148977097,103.741554568918,1.38667397924363,UPPER CHANGI ROAD,164.366930949,50.0
Trans,103.745579982283,1.38940148977097,103.750963382125,1.38937764287043,SUNGEI KADUT STREET 6,124.705716047,50.0
Trans,103.750963382125,1.38937764287043,103.755161723282,1.38876859862697,TOA PAYOH WEST,339.24219485,50.0
Trans,103.755161723282,1.38876859862697,103.754245532786,1.39168200972172,TELOK KURAU ROAD,98.5618469922,50.0
Trans,103.754245532786,1.39168200972172,103.753994641318,1.3935333315747,FABER DRIVE,70.2601409798,40.0
Trans,103.753994641318,1.3935333315747,103.753881150277,1.39437074709234,CORONATION WALK,195.805767726,50.0
Trans,103.754451252578,1.39658560831586,103.753881150277,1.39437074709234,CHESTNUT AVENUE,580.472260216,50.0
Trans,103.755186491159,1.39867496825191,103.754451252578,1.39658560831586,CHENG SOON GARDEN,58.5704971235,50.0
Trans,103.756044043667,1.40283742579768,103.755186491159,1.39867496825191,LORONG SARINA,70.4823723939,50.0
Trans,103.756173580235,1.40507378594688,103.756044043667,1.40283742579768,STILL ROAD,83.3758655404,60.0
Trans,103.756088172211,1.4074369264771,103.756173580235,1.40507378594688,UPPER SERANGOON ROAD,145.832579236,65.0
Trans,103.756088172211,1.4074369264771,103.755959562819,1.40848714918575,MARSILING ROAD,310.207682694,50.0
Trans,103.755854126282,1.41147426420197,103.755959562819,1.40848714918575,SIGLAP HILL,88.0073460795,40.0
Trans,103.755854126282,1.41147426420197,103.760391622543,1.41174812301074,ANG MO KIO AVENUE 5,235.777825836,60.0
Trans,103.760391622543,1.41174812301074,103.763113742059,1.41050848781307,JALAN BINCHANG,146.784975009,40.0
Trans,103.763113742059,1.41050848781307,103.767497004593,1.41014379798348,FRANKEL WALK,125.427755299,40.0
Trans,103.771683383031,1.40999018619883,103.767497004593,1.41014379798348,OUTRAM ROAD,287.077068196,60.0
Trans,103.771683383031,1.40999018619883,103.77595551787,1.41078241217903,SERVICE ROAD,76.9751364064,50.0
Trans,103.77595551787,1.41078241217903,103.778476698369,1.41082528931703,PASIR PANJANG DRIVE,43.0115503571,50.0
Trans,103.778476698369,1.41082528931703,103.783220543508,1.41090311576703,SERANGOON AVENUE 1,166.649808436,50.0
Trans,103.783220543508,1.41090311576703,103.78733856665,1.41222795279124,.,509.610287848,50.0
Trans,103.790452033327,1.41285862973301,103.78733856665,1.41222795279124,CENTRAL EXPRESSWAY,179.872572865,82.0
Trans,103.790452033327,1.41285862973301,103.790769379761,1.41296892552411,LEEDON PARK,72.8297462718,50.0
Trans,103.790769379761,1.41296892552411,103.794679331401,1.4143417196649,SERVICE ROAD,82.5167100307,50.0
Trans,103.794679331401,1.4143417196649,103.798070833387,1.41530721745044,LINCOLN ROAD,44.6559598099,50.0
Trans,103.801311283585,1.41606579989233,103.798070833387,1.41530721745044,TAI SENG STREET,291.756210419,50.0
Trans,103.803195334122,1.41608313536515,103.801311283585,1.41606579989233,MANDALAY ROAD,93.6602248544,50.0
Trans,103.804798082315,1.41485527012871,103.803195334122,1.41608313536515,JALAN KILANG,105.820331102,50.0
Trans,103.804798082315,1.41485527012871,103.80600931711,1.41083946469866,JALAN RINDU,37.0332663708,50.0
Trans,103.80600931711,1.41083946469866,103.808021055817,1.40568587026344,COMPASSVALE ROAD,197.487551461,50.0
Trans,103.808021055817,1.40568587026344,103.810045578449,1.40506527193612,FABER DRIVE,71.284233097,40.0
Trans,103.810045578449,1.40506527193612,103.811808683911,1.40272644815698,WOODLANDS AVENUE 1,283.214574062,50.0
Trans,103.811808683911,1.40272644815698,103.812995886732,1.40035642458724,OLD CHOA CHU KANG ROAD,241.411715182,50.0
Trans,103.812995886732,1.40035642458724,103.814114750885,1.39734546723827,YISHUN AVENUE 4,141.173464655,50.0
Trans,103.814114750885,1.39734546723827,103.815634014844,1.39557161871575,RIFLE RANGE ROAD,84.5541109136,50.0
Trans,103.815634014844,1.39557161871575,103.818822489484,1.39434085759894,JURONG WEST STREET 64,256.442251444,50.0
Trans,103.818822489484,1.39434085759894,103.827372126535,1.39294778570841,DUKU PLACE,77.6612603929,50.0
Trans,103.827372126535,1.39294778570841,103.833444738951,1.39429424561761,SHIPYARD ROAD,136.709631321,50.0
Trans,103.829907776202,1.3967817381406,103.833444738951,1.39429424561761,LUCKY VIEW,68.8888970159,40.0
Trans,103.828127339116,1.39981777511944,103.829907776202,1.3967817381406,FLORISSA PARK,83.8977684305,50.0
Trans,103.827480980719,1.40435181673836,103.828127339116,1.39981777511944,SARACA TERRACE,95.607529088,50.0
Trans,103.827480980719,1.40435181673836,103.828461553206,1.40756683314482,TAMPINES AVENUE 4,94.9183535751,60.0
Trans,103.829723095566,1.41008315753017,103.828461553206,1.40756683314482,.,140.457559303,50.0
Trans,103.829723095566,1.41008315753017,103.832456094206,1.41053785041155,HENDERSON ROAD,149.332561309,60.0
End,103.834750700322,1.41186048237101,103.832456094206,1.41053785041155,STURDEE ROAD,121.390190384,50.0
Taxi,103.773203116933,1.34466155461642,103.773510585093,1.34354170530465,JALAN MERDU,87.0595420632,50.0
Trans,103.773849286529,1.34192883689986,103.773510585093,1.34354170530465,RIVER VALLEY GROVE,116.065588183,50.0
Trans,103.772171734251,1.34197786415252,103.773849286529,1.34192883689986,SERVICE ROAD,41.294863731,50.0
Trans,103.772171734251,1.34197786415252,103.771202747147,1.34265254451037,CLEMENCEAU AVENUE,259.587454977,60.0
Trans,103.770707918735,1.34220974687888,103.771202747147,1.34265254451037,ST. PATRICK'S ROAD,98.2909261971,40.0
Trans,103.771867790734,1.34108285411223,103.770707918735,1.34220974687888,.,419.752683547,50.0
Trans,103.77074084906,1.34056585413985,103.771867790734,1.34108285411223,SERVICE ROAD,69.0126988245,50.0
Trans,103.769605128809,1.34021418246034,103.77074084906,1.34056585413985,FERNVALE LINK,161.96762046,50.0
Trans,103.768640350022,1.33968725926458,103.769605128809,1.34021418246034,JALAN SHAER,77.0646873781,50.0
Trans,103.766454166856,1.33970726576618,103.768640350022,1.33968725926458,JALAN REMIS,71.2126667433,50.0
Trans,103.76589900843,1.33970601381707,103.766454166856,1.33970726576618,JALAN JURONG KECHIL,170.766241962,50.0
Trans,103.76589900843,1.33970601381707,103.764685922833,1.33957696682993,BEDOK RESERVOIR ROAD,215.678603526,60.0
Trans,103.76420160193,1.33938184382534,103.764685922833,1.33957696682993,BALESTIER ROAD,116.123798979,60.0
Trans,103.76420160193,1.33938184382534,103.761290705293,1.33778004624869,TAI HWAN GROVE,116.708862137,40.0
Trans,103.761290705293,1.33778004624869,103.76075175126,1.33760177161736,SERVICE ROAD,54.340588706,50.0
Trans,103.760423689546,1.33761292523319,103.76075175126,1.33760177161736,MOUNT ELIZABETH,224.120835285,50.0
Trans,103.759710078853,1.33536952925894,103.760423689546,1.33761292523319,JALAN TARI ZAPIN,107.364165186,50.0
Trans,103.759710078853,1.33536952925894,103.764556923891,1.3327275954121,SEMBAWANG ROAD,208.000776296,63.3333333333333
Trans,103.764556923891,1.3327275954121,103.764008835405,1.32863559308386,BISHAN ROAD,359.655435069,60.0
Trans,103.764008835405,1.32863559308386,103.76418929008,1.32586969276971,CLEMENTI AVENUE 6,306.505909872,70.0
Trans,103.76418929008,1.32586969276971,103.763920032633,1.32108111334032,SEA BREEZE AVENUE,42.9361637111,50.0
Trans,103.763107553644,1.31889835858752,103.763920032633,1.32108111334032,BISHAN PLACE,62.5637726742,50.0
Trans,103.764817264853,1.31606827692308,103.763107553644,1.31889835858752,OUTRAM PARK,279.718352863,50.0
Trans,103.764817264853,1.31606827692308,103.76578635419,1.31386377481142,MEI HWAN CRESCENT,72.6122120663,50.0
Trans,103.76578635419,1.31386377481142,103.766499778317,1.31292339684295,DEFU LANE 10,124.137855175,50.0
Trans,103.766499778317,1.31292339684295,103.767850238678,1.31207324222252,MARGATE ROAD,159.112629787,50.0
Trans,103.766031618234,1.30845048397405,103.767850238678,1.31207324222252,JALAN DEMAK,70.4747045315,50.0
Trans,103.77068026184,1.30463210272155,103.766031618234,1.30845048397405,SARACA DRIVE,100.009527546,50.0
Trans,103.77068026184,1.30463210272155,103.7786327866,1.30002101087675,GREENWOOD PLACE,54.2673263263,50.0
Trans,103.7786327866,1.30002101087675,103.780949656213,1.29864181618961,ANDERSON ROAD,157.462889699,50.0
Trans,103.780949656213,1.29864181618961,103.783287776383,1.29724437358878,CUMMING STREET,128.88377458,50.0
Trans,103.786066810657,1.29420266416378,103.783287776383,1.29724437358878,PASIR RIS TERRACE,153.967217412,50.0
Trans,103.786066810657,1.29420266416378,103.790544010816,1.2908227239604,PEIRCE ROAD,54.130313196,50.0
Trans,103.79077150935,1.2906690389095,103.790544010816,1.2908227239604,AYER RAJAH EXPRESSWAY,30.4929464695,84.0
Trans,103.792792076516,1.28910803635035,103.79077150935,1.2906690389095,AYER RAJAH EXPRESSWAY,283.713970687,84.0
Trans,103.792792076516,1.28910803635035,103.795253242304,1.28752949896409,PASIR RIS LANE,127.621434409,50.0
Trans,103.795253242304,1.28752949896409,103.797218272048,1.28635526666629,SENG POH ROAD,75.8299683713,50.0
Trans,103.797218272048,1.28635526666629,103.801279061722,1.28412979280306,SEMBAWANG PLACE,92.0428382663,50.0
Trans,103.807293582814,1.28372960570046,103.801279061722,1.28412979280306,RICHARDS PLACE,124.198932034,40.0
Trans,103.807293582814,1.28372960570046,103.810775845459,1.28351153168239,HILLCREST ROAD,65.3149403458,40.0
Trans,103.810775845459,1.28351153168239,103.814542206792,1.28238675846688,CLUNY PARK,68.5105936189,50.0
Trans,103.814542206792,1.28238675846688,103.817786224598,1.28040424307152,GREENLEAF WALK,110.59657394,40.0
Trans,103.817786224598,1.28040424307152,103.820251033564,1.27908323052175,BUKIT BATOK STREET 23,251.180506503,50.0
Trans,103.820251033564,1.27908323052175,103.823694418329,1.27855426322359,WIMBORNE ROAD,82.2653419092,50.0
Trans,103.82995145612,1.27432045542929,103.823694418329,1.27855426322359,WEST COAST RISE,123.879586033,50.0
Trans,103.830283897194,1.27402968170374,103.82995145612,1.27432045542929,MANDAI ROAD,466.654147242,70.0
Trans,103.832436628249,1.27241691064474,103.830283897194,1.27402968170374,TAMARIND ROAD,119.726268299,50.0
