Taxi,103.821920402472,1.28269426874433,103.822308418203,1.28398203652649,JALAN JANGGUS,90.3557389727,50.0
Trans,103.821920402472,1.28269426874433,103.823718606381,1.28188522272207,BEO CRESCENT,120.593336035,50.0
Trans,103.823705747332,1.28064276306225,103.823718606381,1.28188522272207,LORONG KEMBANGAN,53.0708621187,40.0
Trans,103.823694418329,1.27855426322359,103.823705747332,1.28064276306225,KIM KEAT LANE,95.3829822155,50.0
Trans,103.82995145612,1.27432045542929,103.823694418329,1.27855426322359,WEST COAST RISE,123.879586033,50.0
Trans,103.830283897194,1.27402968170374,103.82995145612,1.27432045542929,MANDAI ROAD,466.654147242,70.0
Trans,103.832436628249,1.27241691064474,103.830283897194,1.27402968170374,TAMARIND ROAD,119.726268299,50.0
Trans,103.837207991702,1.27252430107785,103.832436628249,1.27241691064474,MING TECK PARK,59.7720788276,50.0
Trans,103.839758797027,1.27261210064642,103.837207991702,1.27252430107785,KEE CHOE AVENUE,160.986186007,40.0
Trans,103.842132685775,1.27269306251119,103.839758797027,1.27261210064642,MALACCA STREET,108.419950217,50.0
Trans,103.842132685775,1.27269306251119,103.843027430702,1.27272736162142,SERVICE ROAD,259.292945501,50.0
Trans,103.843027430702,1.27272736162142,103.843865157011,1.2727434496624,PANDAN ROAD,243.041162714,50.0
Trans,103.844559980874,1.27345771839639,103.843865157011,1.2727434496624,LOYANG RISE,145.908181222,50.0
Trans,103.844559980874,1.27345771839639,103.845013603583,1.27402965687678,SHELFORD ROAD,134.199693155,50.0
Trans,103.845013603583,1.27402965687678,103.845192486843,1.27423115963385,SEA BREEZE GROVE,46.5941944156,50.0
Trans,103.845192486843,1.27423115963385,103.845725451325,1.27484951681298,ANSON ROAD,90.5334562195,50.0
Trans,103.845725451325,1.27484951681298,103.84668393267,1.27406154839088,BARKER ROAD,47.3968598037,50.0
Trans,103.847444464243,1.27499273999215,103.84668393267,1.27406154839088,QUEEN STREET,97.4811061995,50.0
Trans,103.847444464243,1.27499273999215,103.848166703774,1.27603671205685,KISMIS GREEN,76.9325066196,50.0
Trans,103.848166703774,1.27603671205685,103.852465252007,1.27341830446245,CHATSWORTH PARK,160.329937844,50.0
Trans,103.857558375196,1.27036775940644,103.852465252007,1.27341830446245,TUAS SOUTH AVENUE 3,353.247426902,70.0
Start,103.863197188813,1.2726142979257,103.857558375196,1.27036775940644,LAVENDER STREET,49.4484135069,60.0
Trans,103.860992711001,1.27419254261402,103.863197188813,1.2726142979257,SIGLAP ROAD,137.13942894,50.0
Trans,103.857423040422,1.27644912729932,103.860992711001,1.27419254261402,SERVICE ROAD,99.4930958366,50.0
Trans,103.858426185742,1.2780426087204,103.857423040422,1.27644912729932,PASIR RIS DRIVE 12,304.857438407,60.0
Trans,103.858426185742,1.2780426087204,103.859984487955,1.28042843807694,MAS KUNING TERRACE,97.5632261856,50.0
Trans,103.861525882844,1.28509565062514,103.859984487955,1.28042843807694,PENANG LANE,121.134721635,50.0
Trans,103.861525882844,1.28509565062514,103.861745895653,1.29234408248244,CHIN BEE AVENUE,114.501864998,50.0
Trans,103.85907664123,1.29717325596969,103.861745895653,1.29234408248244,.,76.8177959422,50.0
Trans,103.857970408026,1.29834056892287,103.85907664123,1.29717325596969,SOUTH BUONA VISTA ROAD,142.295926423,40.0
Trans,103.857027313727,1.29738825730716,103.857970408026,1.29834056892287,FIGARO STREET,71.5533137847,40.0
Trans,103.857027313727,1.29738825730716,103.856364261516,1.29655925059113,SERVICE ROAD,47.7971240108,50.0
Trans,103.856364261516,1.29655925059113,103.855919055347,1.29590968397105,VANDA ROAD,49.4452909273,50.0
Trans,103.855919055347,1.29590968397105,103.855549472029,1.2953653727007,BEACH ROAD,72.9012331537,50.0
Trans,103.855549472029,1.2953653727007,103.854624609466,1.29390486698682,SUNRISE DRIVE,74.0612058013,50.0
Trans,103.855890108702,1.29309200510032,103.854624609466,1.29390486698682,PIONEER PLACE,75.5372388433,50.0
Trans,103.855890108702,1.29309200510032,103.857321112098,1.29542920963581,CHANGI ROAD,128.424535764,60.0
Trans,103.857321112098,1.29542920963581,103.858944177546,1.29731073144337,LENGKOK MERAK,74.876867252,50.0
Trans,103.860348534623,1.29858352182727,103.858944177546,1.29731073144337,TAO CHING ROAD,197.075822008,50.0
Trans,103.860348534623,1.29858352182727,103.862497354763,1.30015232334893,LORNIE ROAD,96.465097499,70.0
Trans,103.863328568927,1.30076936573879,103.862497354763,1.30015232334893,THIRD STREET,44.2819968475,50.0
Trans,103.863328568927,1.30076936573879,103.866960427546,1.30332542131482,INTERNATIONAL BUSINESS PARK,131.234204426,50.0
Trans,103.866221017107,1.30426107774439,103.866960427546,1.30332542131482,SERVICE ROAD,44.4915322525,50.0
Trans,103.864959091996,1.30617447877637,103.866221017107,1.30426107774439,KHEAM HOCK ROAD,28.3651875405,40.0
Trans,103.864422729399,1.30700330390303,103.864959091996,1.30617447877637,TUAS SOUTH AVENUE 5,351.303745559,70.0
Trans,103.864422729399,1.30700330390303,103.864019192702,1.30865395086878,WOODLANDS ROAD,117.065776884,60.0
Trans,103.863757516447,1.30933007259026,103.864019192702,1.30865395086878,MARINE PARADE ROAD,310.240085158,60.0
Trans,103.863757516447,1.30933007259026,103.863356265214,1.30987806602066,SIANG KUANG AVENUE,203.36462382,40.0
Trans,103.863356265214,1.30987806602066,103.862996447775,1.31037061337632,ASHWOOD GROVE,75.1476346915,40.0
Trans,103.862996447775,1.31037061337632,103.862731152015,1.31072934189259,WOOLLERTON PARK,32.8916800068,50.0
Trans,103.862229587107,1.31141002362133,103.862731152015,1.31072934189259,AIDA STREET,36.0382863312,40.0
Trans,103.861816383692,1.31196785513471,103.862229587107,1.31141002362133,CHANG CHARN ROAD,246.532003108,50.0
Trans,103.861816383692,1.31196785513471,103.862740780767,1.31320617049712,WESTWOOD ROAD,114.830476424,50.0
Trans,103.862740780767,1.31320617049712,103.864252343602,1.31169358462461,LORONG SARINA,54.6049382673,50.0
Trans,103.864252343602,1.31169358462461,103.865519227921,1.31310379427331,ANG MO KIO AVENUE 9,101.359738391,50.0
Trans,103.865519227921,1.31310379427331,103.866232111163,1.31389732958964,RANGOON ROAD,76.6354150069,50.0
Trans,103.867840022132,1.31505835645929,103.866232111163,1.31389732958964,CLOVER RISE,33.9595765452,50.0
Trans,103.866259082134,1.3176881004779,103.867840022132,1.31505835645929,SENGKANG EAST AVENUE,230.453569164,50.0
Trans,103.867463539403,1.31861940277457,103.866259082134,1.3176881004779,TANJONG PENJURU,145.516653334,50.0
Trans,103.871289615319,1.3210426907179,103.867463539403,1.31861940277457,PENJURU ROAD,132.91715215,60.0
Trans,103.871289615319,1.3210426907179,103.869904403713,1.32328560596477,PASIR RIS DRIVE 4,210.85675223,50.0
Trans,103.867945141879,1.32493747724225,103.869904403713,1.32328560596477,SEA BREEZE AVENUE,44.8076315302,50.0
Trans,103.867945141879,1.32493747724225,103.868121139598,1.32548521585417,LORONG MARICAN,77.7803946313,40.0
Trans,103.868432601958,1.32824888193989,103.868121139598,1.32548521585417,JAMBOL PLACE,192.176918147,50.0
Trans,103.868432601958,1.32824888193989,103.869011517612,1.33055098628904,JALAN DATOH,240.761995506,50.0
Trans,103.869439603101,1.33229195203017,103.869011517612,1.33055098628904,SERVICE ROAD,122.497501775,50.0
Trans,103.869439603101,1.33229195203017,103.869819633728,1.33378192195093,WATTEN PARK,218.75034294,40.0
Trans,103.869819633728,1.33378192195093,103.870335385346,1.33573816739287,TAGORE AVENUE,77.1533046901,40.0
Trans,103.870738335948,1.33944626697967,103.870335385346,1.33573816739287,COMMONWEALTH AVENUE,524.881872992,60.0
Trans,103.870801013445,1.343349693299,103.870738335948,1.33944626697967,THRIFT DRIVE,53.7518207189,40.0
Trans,103.870801013445,1.343349693299,103.870798552731,1.3442535277478,MOULMEIN ROAD,139.6696085,60.0
Trans,103.871529680833,1.3461557546136,103.870798552731,1.3442535277478,JALAN HAJI ALIAS,84.479703906,40.0
Trans,103.872519946058,1.34826401269944,103.871529680833,1.3461557546136,TOA PAYOH NORTH,28.9564812979,50.0
Trans,103.873831166661,1.34996817763741,103.872519946058,1.34826401269944,SERVICE ROAD,265.990131588,50.0
Trans,103.873831166661,1.34996817763741,103.875082644822,1.35106879583909,BENCOOLEN STREET,56.2067247981,50.0
Trans,103.875082644822,1.35106879583909,103.876528652789,1.35238681047574,UPPER SERANGOON ROAD,217.118973843,65.0
Trans,103.876528652789,1.35238681047574,103.877469457465,1.35325621962695,UPPER SERANGOON ROAD,142.148115767,65.0
Trans,103.877469457465,1.35325621962695,103.877961920815,1.35369927829182,TOH DRIVE,91.1234280037,50.0
Trans,103.877961920815,1.35369927829182,103.878712831148,1.3543781379284,SIXTH AVENUE,52.0912483551,50.0
Trans,103.879211086372,1.35481925326299,103.878712831148,1.3543781379284,UPPER SERANGOON ROAD,73.8501530809,65.0
Trans,103.880718769234,1.35609858131071,103.879211086372,1.35481925326299,NAMLY RISE,131.675592479,40.0
Trans,103.882436358264,1.35765899875196,103.880718769234,1.35609858131071,JALAN ARIF,46.2111040334,50.0
Trans,103.883251015081,1.35842670219066,103.882436358264,1.35765899875196,FLORISSA PARK,92.6568628361,50.0
Trans,103.882221896272,1.35941226824121,103.883251015081,1.35842670219066,SERVICE ROAD,38.4738414517,50.0
Trans,103.882221896272,1.35941226824121,103.881355216862,1.36021169412605,VICTORIA PARK ROAD,117.671668326,40.0
Trans,103.881355216862,1.36021169412605,103.880987162614,1.36057281106263,COMPASSVALE CRESCENT,216.855351164,50.0
Trans,103.881727172131,1.36186501238315,103.880987162614,1.36057281106263,JALAN KAYU,114.860942852,50.0
Trans,103.881727172131,1.36186501238315,103.881383729161,1.36253742817816,EUNOS AVENUE 6,101.220536379,50.0
End,103.881670431514,1.36269837080129,103.881383729161,1.36253742817816,FABER WALK,90.6283451245,40.0
Taxi,103.913800629236,1.31531694258045,103.913267111988,1.31520956653183,EASTWOOD WALK,85.0342637598,50.0
Trans,103.913267111988,1.31520956653183,103.913058811126,1.31569029914418,ESPLANADE DRIVE,278.887872675,70.0
Trans,103.913058811126,1.31569029914418,103.912631962228,1.31560337382825,LORONG CHUAN,133.946411292,60.0
Trans,103.912631962228,1.31560337382825,103.909720360364,1.31494974451255,UNIVERSITY ROAD,122.297342459,40.0
Trans,103.909129770644,1.31481626287375,103.909720360364,1.31494974451255,SERVICE ROAD,35.4601907385,50.0
Trans,103.909129770644,1.31481626287375,103.908690075352,1.31472545136224,PUNGGOL EAST,367.764134588,65.0
Trans,103.908690075352,1.31472545136224,103.90832423009,1.31465018110825,OLD HOLLAND ROAD,56.9421446722,50.0
Trans,103.906316627136,1.31424620942147,103.90832423009,1.31465018110825,CORPORATION DRIVE,151.68591429,50.0
Trans,103.905588904224,1.31413410359404,103.906316627136,1.31424620942147,PENJURU CLOSE,108.66742814,50.0
Trans,103.905588904224,1.31413410359404,103.904719238178,1.31400013447678,SIN MING ROAD,162.068616595,50.0
Trans,103.904719238178,1.31400013447678,103.903833742039,1.31386369270192,ZION ROAD,91.5161748896,60.0
Trans,103.903833742039,1.31386369270192,103.903564948279,1.31382261549561,CLUNY HILL,66.5327253353,50.0
Trans,103.902074824375,1.31359388118155,103.903564948279,1.31382261549561,HORNE ROAD,49.1495433471,50.0
Trans,103.902845194697,1.31249472186494,103.902074824375,1.31359388118155,WEST COAST PARK,41.6264522344,50.0
Trans,103.902845194697,1.31249472186494,103.903786563586,1.31118868422186,DUNEARN ROAD,167.191761255,70.0
Trans,103.902831766518,1.31049280988334,103.903786563586,1.31118868422186,JALAN LIMAU PURUT,159.172798385,50.0
Trans,103.902831766518,1.31049280988334,103.902005963561,1.30989309108182,LOYANG VIEW,117.322631336,50.0
Trans,103.901502416225,1.30954068567333,103.902005963561,1.30989309108182,PORTSDOWN ROAD,87.5794345899,40.0
Trans,103.900014229657,1.30947130877932,103.901502416225,1.30954068567333,SAKRA AVENUE,267.087017234,50.0
Trans,103.897719844964,1.30951086441648,103.900014229657,1.30947130877932,BUKIT BATOK CENTRAL LINK,163.865968312,50.0
Trans,103.896229625366,1.30954223748809,103.897719844964,1.30951086441648,KAKI BUKIT INDUSTRIAL TERRACE,220.464283104,50.0
Trans,103.894419332325,1.30954353660898,103.896229625366,1.30954223748809,SPRINGLEAF ROAD,99.4315543276,50.0
Trans,103.893319342849,1.30932395472769,103.894419332325,1.30954353660898,BUANGKOK CRESCENT,979.138402475,50.0
Trans,103.89275055216,1.30920233826873,103.893319342849,1.30932395472769,SERVICE ROAD,178.499045909,50.0
Trans,103.889588878211,1.30856137291629,103.89275055216,1.30920233826873,DEFU LANE 7,136.662148197,50.0
Trans,103.889059048463,1.30845178376158,103.889588878211,1.30856137291629,NORTH CANAL ROAD,207.625795808,50.0
Trans,103.887924416612,1.30822223805941,103.889059048463,1.30845178376158,SENANG CRESCENT,178.742647841,40.0
Trans,103.886702421825,1.30797561316477,103.887924416612,1.30822223805941,EUNOS ROAD 7,114.789584479,50.0
Trans,103.885480320157,1.307632174843,103.886702421825,1.30797561316477,SERANGOON ROAD,139.598619909,60.0
Trans,103.884744978301,1.3072838507698,103.885480320157,1.307632174843,OLD AIRPORT ROAD,90.4473735628,50.0
Trans,103.884744978301,1.3072838507698,103.883558990068,1.30672456452736,CHESTNUT CLOSE,59.8745970608,50.0
Trans,103.883558990068,1.30672456452736,103.882124636524,1.3060681340131,GEYLANG ROAD,87.8617083298,60.0
Trans,103.882124636524,1.3060681340131,103.880056245117,1.30721820010516,SENGKANG EAST DRIVE,254.493698804,70.0
Trans,103.880056245117,1.30721820010516,103.87921021258,1.3075416674404,AYER RAJAH EXPRESSWAY,422.374738315,84.0
Trans,103.87921021258,1.3075416674404,103.877504108084,1.30825068795948,BENOI SECTOR,111.87697732,50.0
Trans,103.872042964716,1.30651528187854,103.877504108084,1.30825068795948,MARNE ROAD,105.531676504,50.0
Trans,103.871469206501,1.30622432233704,103.872042964716,1.30651528187854,WOODLANDS STREET 31,132.035015312,50.0
Trans,103.869256180924,1.30481144433295,103.871469206501,1.30622432233704,TAGORE ROAD,87.098526262,50.0
Trans,103.866960427546,1.30332542131482,103.869256180924,1.30481144433295,HOUGANG STREET 61,309.518434193,50.0
Trans,103.863328568927,1.30076936573879,103.866960427546,1.30332542131482,INTERNATIONAL BUSINESS PARK,131.234204426,50.0
Trans,103.863328568927,1.30076936573879,103.862497354763,1.30015232334893,THIRD STREET,44.2819968475,50.0
Trans,103.860348534623,1.29858352182727,103.862497354763,1.30015232334893,LORNIE ROAD,96.465097499,70.0
Trans,103.860348534623,1.29858352182727,103.858944177546,1.29731073144337,TAO CHING ROAD,197.075822008,50.0
Trans,103.857321112098,1.29542920963581,103.858944177546,1.29731073144337,LENGKOK MERAK,74.876867252,50.0
Trans,103.855890108702,1.29309200510032,103.857321112098,1.29542920963581,CHANGI ROAD,128.424535764,60.0
Trans,103.855890108702,1.29309200510032,103.854624609466,1.29390486698682,PIONEER PLACE,75.5372388433,50.0
Trans,103.855549472029,1.2953653727007,103.854624609466,1.29390486698682,SUNRISE DRIVE,74.0612058013,50.0
Trans,103.855919055347,1.29590968397105,103.855549472029,1.2953653727007,BEACH ROAD,72.9012331537,50.0
Trans,103.856364261516,1.29655925059113,103.855919055347,1.29590968397105,VANDA ROAD,49.4452909273,50.0
Trans,103.857027313727,1.29738825730716,103.856364261516,1.29655925059113,SERVICE ROAD,47.7971240108,50.0
Trans,103.857027313727,1.29738825730716,103.857970408026,1.29834056892287,FIGARO STREET,71.5533137847,40.0
Trans,103.857970408026,1.29834056892287,103.85907664123,1.29717325596969,SOUTH BUONA VISTA ROAD,142.295926423,40.0
Trans,103.85907664123,1.29717325596969,103.861745895653,1.29234408248244,.,76.8177959422,50.0
Trans,103.861525882844,1.28509565062514,103.861745895653,1.29234408248244,CHIN BEE AVENUE,114.501864998,50.0
Trans,103.861525882844,1.28509565062514,103.859984487955,1.28042843807694,PENANG LANE,121.134721635,50.0
Trans,103.858426185742,1.2780426087204,103.859984487955,1.28042843807694,MAS KUNING TERRACE,97.5632261856,50.0
Trans,103.858426185742,1.2780426087204,103.857423040422,1.27644912729932,PASIR RIS DRIVE 12,304.857438407,60.0
Trans,103.857423040422,1.27644912729932,103.860992711001,1.27419254261402,SERVICE ROAD,99.4930958366,50.0
Trans,103.860992711001,1.27419254261402,103.863197188813,1.2726142979257,SIGLAP ROAD,137.13942894,50.0
Trans,103.863197188813,1.2726142979257,103.857558375196,1.27036775940644,LAVENDER STREET,49.4484135069,60.0
Trans,103.857558375196,1.27036775940644,103.852465252007,1.27341830446245,TUAS SOUTH AVENUE 3,353.247426902,70.0
Trans,103.848166703774,1.27603671205685,103.852465252007,1.27341830446245,CHATSWORTH PARK,160.329937844,50.0
Trans,103.847444464243,1.27499273999215,103.848166703774,1.27603671205685,KISMIS GREEN,76.9325066196,50.0
Trans,103.847444464243,1.27499273999215,103.84668393267,1.27406154839088,QUEEN STREET,97.4811061995,50.0
Trans,103.845725451325,1.27484951681298,103.84668393267,1.27406154839088,BARKER ROAD,47.3968598037,50.0
Trans,103.845192486843,1.27423115963385,103.845725451325,1.27484951681298,ANSON ROAD,90.5334562195,50.0
Trans,103.845013603583,1.27402965687678,103.845192486843,1.27423115963385,SEA BREEZE GROVE,46.5941944156,50.0
Trans,103.844559980874,1.27345771839639,103.845013603583,1.27402965687678,SHELFORD ROAD,134.199693155,50.0
Trans,103.844559980874,1.27345771839639,103.843865157011,1.2727434496624,LOYANG RISE,145.908181222,50.0
Trans,103.843027430702,1.27272736162142,103.843865157011,1.2727434496624,PANDAN ROAD,243.041162714,50.0
Trans,103.842132685775,1.27269306251119,103.843027430702,1.27272736162142,SERVICE ROAD,259.292945501,50.0
Trans,103.842132685775,1.27269306251119,103.839758797027,1.27261210064642,MALACCA STREET,108.419950217,50.0
Trans,103.839758797027,1.27261210064642,103.837207991702,1.27252430107785,KEE CHOE AVENUE,160.986186007,40.0
Trans,103.837207991702,1.27252430107785,103.832436628249,1.27241691064474,MING TECK PARK,59.7720788276,50.0
Trans,103.832436628249,1.27241691064474,103.830283897194,1.27402968170374,TAMARIND ROAD,119.726268299,50.0
Trans,103.830283897194,1.27402968170374,103.82995145612,1.27432045542929,MANDAI ROAD,466.654147242,70.0
Trans,103.82995145612,1.27432045542929,103.823694418329,1.27855426322359,WEST COAST RISE,123.879586033,50.0
Trans,103.820251033564,1.27908323052175,103.823694418329,1.27855426322359,WIMBORNE ROAD,82.2653419092,50.0
Trans,103.817786224598,1.28040424307152,103.820251033564,1.27908323052175,BUKIT BATOK STREET 23,251.180506503,50.0
Trans,103.814542206792,1.28238675846688,103.817786224598,1.28040424307152,GREENLEAF WALK,110.59657394,40.0
Trans,103.810775845459,1.28351153168239,103.814542206792,1.28238675846688,CLUNY PARK,68.5105936189,50.0
Trans,103.807293582814,1.28372960570046,103.810775845459,1.28351153168239,HILLCREST ROAD,65.3149403458,40.0
Trans,103.807293582814,1.28372960570046,103.801279061722,1.28412979280306,RICHARDS PLACE,124.198932034,40.0
Trans,103.797218272048,1.28635526666629,103.801279061722,1.28412979280306,SEMBAWANG PLACE,92.0428382663,50.0
Trans,103.795253242304,1.28752949896409,103.797218272048,1.28635526666629,SENG POH ROAD,75.8299683713,50.0
Trans,103.792792076516,1.28910803635035,103.795253242304,1.28752949896409,PASIR RIS LANE,127.621434409,50.0
Trans,103.792792076516,1.28910803635035,103.796252622614,1.29117691202738,SWISS CLUB LANE,68.5432523435,50.0
Trans,103.796252622614,1.29117691202738,103.799194995578,1.29381575536783,TEKKA LANE,168.227436992,50.0
Trans,103.799465006885,1.29574237369087,103.799194995578,1.29381575536783,OLD HOLLAND ROAD,209.583282154,50.0
Trans,103.798780934582,1.2959950567097,103.799465006885,1.29574237369087,OEI TIONG HAM PARK,102.71986659,50.0
Trans,103.798780934582,1.2959950567097,103.797344099783,1.29653763758412,HAMPSHIRE ROAD,152.402823462,50.0
Start,103.798780934582,1.2959950567097,103.797344099783,1.29653763758412,HAMPSHIRE ROAD,152.402823462,50.0
Trans,103.798780934582,1.2959950567097,103.799465006885,1.29574237369087,OEI TIONG HAM PARK,102.71986659,50.0
Trans,103.799465006885,1.29574237369087,103.799194995578,1.29381575536783,OLD HOLLAND ROAD,209.583282154,50.0
Trans,103.796252622614,1.29117691202738,103.799194995578,1.29381575536783,TEKKA LANE,168.227436992,50.0
Trans,103.792792076516,1.28910803635035,103.796252622614,1.29117691202738,SWISS CLUB LANE,68.5432523435,50.0
Trans,103.792792076516,1.28910803635035,103.795253242304,1.28752949896409,PASIR RIS LANE,127.621434409,50.0
Trans,103.795253242304,1.28752949896409,103.797218272048,1.28635526666629,SENG POH ROAD,75.8299683713,50.0
Trans,103.797218272048,1.28635526666629,103.801279061722,1.28412979280306,SEMBAWANG PLACE,92.0428382663,50.0
Trans,103.807293582814,1.28372960570046,103.801279061722,1.28412979280306,RICHARDS PLACE,124.198932034,40.0
Trans,103.807293582814,1.28372960570046,103.810775845459,1.28351153168239,HILLCREST ROAD,65.3149403458,40.0
Trans,103.810775845459,1.28351153168239,103.814542206792,1.28238675846688,CLUNY PARK,68.5105936189,50.0
Trans,103.814542206792,1.28238675846688,103.817786224598,1.28040424307152,GREENLEAF WALK,110.59657394,40.0
Trans,103.817786224598,1.28040424307152,103.820251033564,1.27908323052175,BUKIT BATOK STREET 23,251.180506503,50.0
Trans,103.820251033564,1.27908323052175,103.823694418329,1.27855426322359,WIMBORNE ROAD,82.2653419092,50.0
Trans,103.82995145612,1.27432045542929,103.823694418329,1.27855426322359,WEST COAST RISE,123.879586033,50.0
Trans,103.830283897194,1.27402968170374,103.82995145612,1.27432045542929,MANDAI ROAD,466.654147242,70.0
Trans,103.832436628249,1.27241691064474,103.830283897194,1.27402968170374,TAMARIND ROAD,119.726268299,50.0
Trans,103.837207991702,1.27252430107785,103.832436628249,1.27241691064474,MING TECK PARK,59.7720788276,50.0
Trans,103.839758797027,1.27261210064642,103.837207991702,1.27252430107785,KEE CHOE AVENUE,160.986186007,40.0
Trans,103.842132685775,1.27269306251119,103.839758797027,1.27261210064642,MALACCA STREET,108.419950217,50.0
Trans,103.842132685775,1.27269306251119,103.843027430702,1.27272736162142,SERVICE ROAD,259.292945501,50.0
Trans,103.843027430702,1.27272736162142,103.843865157011,1.2727434496624,PANDAN ROAD,243.041162714,50.0
Trans,103.844559980874,1.27345771839639,103.843865157011,1.2727434496624,LOYANG RISE,145.908181222,50.0
Trans,103.844559980874,1.27345771839639,103.845013603583,1.27402965687678,SHELFORD ROAD,134.199693155,50.0
Trans,103.845013603583,1.27402965687678,103.845192486843,1.27423115963385,SEA BREEZE GROVE,46.5941944156,50.0
Trans,103.845192486843,1.27423115963385,103.845725451325,1.27484951681298,ANSON ROAD,90.5334562195,50.0
Trans,103.845725451325,1.27484951681298,103.84668393267,1.27406154839088,BARKER ROAD,47.3968598037,50.0
Trans,103.847444464243,1.27499273999215,103.84668393267,1.27406154839088,QUEEN STREET,97.4811061995,50.0
Trans,103.847444464243,1.27499273999215,103.848166703774,1.27603671205685,KISMIS GREEN,76.9325066196,50.0
Trans,103.848166703774,1.27603671205685,103.852465252007,1.27341830446245,CHATSWORTH PARK,160.329937844,50.0
Trans,103.857558375196,1.27036775940644,103.852465252007,1.27341830446245,TUAS SOUTH AVENUE 3,353.247426902,70.0
Trans,103.863197188813,1.2726142979257,103.857558375196,1.27036775940644,LAVENDER STREET,49.4484135069,60.0
Trans,103.860992711001,1.27419254261402,103.863197188813,1.2726142979257,SIGLAP ROAD,137.13942894,50.0
Trans,103.857423040422,1.27644912729932,103.860992711001,1.27419254261402,SERVICE ROAD,99.4930958366,50.0
Trans,103.858426185742,1.2780426087204,103.857423040422,1.27644912729932,PASIR RIS DRIVE 12,304.857438407,60.0
Trans,103.858426185742,1.2780426087204,103.859984487955,1.28042843807694,MAS KUNING TERRACE,97.5632261856,50.0
Trans,103.861525882844,1.28509565062514,103.859984487955,1.28042843807694,PENANG LANE,121.134721635,50.0
Trans,103.861525882844,1.28509565062514,103.861745895653,1.29234408248244,CHIN BEE AVENUE,114.501864998,50.0
Trans,103.85907664123,1.29717325596969,103.861745895653,1.29234408248244,.,76.8177959422,50.0
Trans,103.857970408026,1.29834056892287,103.85907664123,1.29717325596969,SOUTH BUONA VISTA ROAD,142.295926423,40.0
Trans,103.857027313727,1.29738825730716,103.857970408026,1.29834056892287,FIGARO STREET,71.5533137847,40.0
Trans,103.857027313727,1.29738825730716,103.856364261516,1.29655925059113,SERVICE ROAD,47.7971240108,50.0
Trans,103.856364261516,1.29655925059113,103.855919055347,1.29590968397105,VANDA ROAD,49.4452909273,50.0
Trans,103.855919055347,1.29590968397105,103.855549472029,1.2953653727007,BEACH ROAD,72.9012331537,50.0
Trans,103.855549472029,1.2953653727007,103.854624609466,1.29390486698682,SUNRISE DRIVE,74.0612058013,50.0
Trans,103.855890108702,1.29309200510032,103.854624609466,1.29390486698682,PIONEER PLACE,75.5372388433,50.0
Trans,103.855890108702,1.29309200510032,103.857321112098,1.29542920963581,CHANGI ROAD,128.424535764,60.0
Trans,103.857321112098,1.29542920963581,103.858944177546,1.29731073144337,LENGKOK MERAK,74.876867252,50.0
Trans,103.860348534623,1.29858352182727,103.858944177546,1.29731073144337,TAO CHING ROAD,197.075822008,50.0
Trans,103.860348534623,1.29858352182727,103.862497354763,1.30015232334893,LORNIE ROAD,96.465097499,70.0
Trans,103.863328568927,1.30076936573879,103.862497354763,1.30015232334893,THIRD STREET,44.2819968475,50.0
Trans,103.863328568927,1.30076936573879,103.866960427546,1.30332542131482,INTERNATIONAL BUSINESS PARK,131.234204426,50.0
Trans,103.866960427546,1.30332542131482,103.869256180924,1.30481144433295,HOUGANG STREET 61,309.518434193,50.0
Trans,103.869256180924,1.30481144433295,103.871469206501,1.30622432233704,TAGORE ROAD,87.098526262,50.0
Trans,103.871469206501,1.30622432233704,103.872042964716,1.30651528187854,WOODLANDS STREET 31,132.035015312,50.0
Trans,103.872042964716,1.30651528187854,103.877504108084,1.30825068795948,MARNE ROAD,105.531676504,50.0
Trans,103.87921021258,1.3075416674404,103.877504108084,1.30825068795948,BENOI SECTOR,111.87697732,50.0
Trans,103.880056245117,1.30721820010516,103.87921021258,1.3075416674404,AYER RAJAH EXPRESSWAY,422.374738315,84.0
Trans,103.882124636524,1.3060681340131,103.880056245117,1.30721820010516,SENGKANG EAST DRIVE,254.493698804,70.0
Trans,103.883558990068,1.30672456452736,103.882124636524,1.3060681340131,GEYLANG ROAD,87.8617083298,60.0
Trans,103.884744978301,1.3072838507698,103.883558990068,1.30672456452736,CHESTNUT CLOSE,59.8745970608,50.0
Trans,103.884744978301,1.3072838507698,103.885480320157,1.307632174843,OLD AIRPORT ROAD,90.4473735628,50.0
Trans,103.885480320157,1.307632174843,103.886702421825,1.30797561316477,SERANGOON ROAD,139.598619909,60.0
Trans,103.886702421825,1.30797561316477,103.887924416612,1.30822223805941,EUNOS ROAD 7,114.789584479,50.0
Trans,103.887924416612,1.30822223805941,103.889059048463,1.30845178376158,SENANG CRESCENT,178.742647841,40.0
Trans,103.889059048463,1.30845178376158,103.889588878211,1.30856137291629,NORTH CANAL ROAD,207.625795808,50.0
Trans,103.889588878211,1.30856137291629,103.89275055216,1.30920233826873,DEFU LANE 7,136.662148197,50.0
Trans,103.89275055216,1.30920233826873,103.893319342849,1.30932395472769,SERVICE ROAD,178.499045909,50.0
Trans,103.893319342849,1.30932395472769,103.894419332325,1.30954353660898,BUANGKOK CRESCENT,979.138402475,50.0
Trans,103.894419332325,1.30954353660898,103.894196691182,1.31225829508421,TUAS CRESCENT,322.590585809,50.0
Trans,103.894180233257,1.31386394805728,103.894196691182,1.31225829508421,JALAN BERJAYA,65.743930885,50.0
Trans,103.894141145811,1.31441493997175,103.894180233257,1.31386394805728,SERVICE ROAD,30.8997170679,50.0
Trans,103.894055739045,1.31548558915182,103.894141145811,1.31441493997175,AH SOO GARDEN,96.707109809,50.0
Trans,103.892171863633,1.31508842082883,103.894055739045,1.31548558915182,TEMBELING ROAD,84.0382574101,50.0
Trans,103.892171863633,1.31508842082883,103.892231015425,1.31547132581078,PAYA LEBAR ROAD,42.8512116634,50.0
Trans,103.892231015425,1.31547132581078,103.892259408762,1.31687464407793,WATTEN ESTATE ROAD,74.6643608863,40.0
Trans,103.892259408762,1.31687464407793,103.89156328017,1.31999535303452,TUAS VIEW CLOSE,94.0724210621,50.0
Trans,103.891267385456,1.32131770958383,103.89156328017,1.31999535303452,CACTUS CRESCENT,192.8282071,50.0
Trans,103.891267385456,1.32131770958383,103.890958849533,1.3229362352542,SERVICE ROAD,29.4379262206,50.0
Trans,103.897721524611,1.32434780576058,103.890958849533,1.3229362352542,JALAN BERINGIN,86.6893104921,50.0
Trans,103.897721524611,1.32434780576058,103.899811548456,1.32474446896049,NIM CRESCENT,131.674454484,50.0
Trans,103.899811548456,1.32474446896049,103.905843678532,1.32611379529805,JALAN SEH CHUAN,36.2442859059,40.0
Trans,103.904752815531,1.32952057321379,103.905843678532,1.32611379529805,TUAS VIEW CRESCENT,182.255244531,50.0
Trans,103.902318113097,1.33187054071106,103.904752815531,1.32952057321379,SERVICE ROAD,104.234262505,50.0
Trans,103.902318113097,1.33187054071106,103.903476546801,1.3330722166587,BISHAN STREET 22,154.610422142,50.0
Trans,103.903476546801,1.3330722166587,103.905679836666,1.33435097931025,HILLSIDE DRIVE,36.1797741811,40.0
Trans,103.905679836666,1.33435097931025,103.908690689489,1.33505113438703,GREENWOOD LANE,103.4248973,50.0
Trans,103.908690689489,1.33505113438703,103.909083881013,1.33513940364371,JALAN SENYUM,168.551195456,40.0
Trans,103.909083881013,1.33513940364371,103.911581120586,1.33590029770154,WOODLANDS HEIGHT,145.000445879,50.0
Trans,103.913498376969,1.3368399257817,103.911581120586,1.33590029770154,SENOKO LOOP,277.455653937,50.0
Trans,103.917971344653,1.33823079885717,103.913498376969,1.3368399257817,NALLUR ROAD,57.6595461997,50.0
Trans,103.918638844711,1.34243878618896,103.917971344653,1.33823079885717,JOO CHIAT PLACE,30.2571135295,50.0
Trans,103.918978641798,1.34529257083654,103.918638844711,1.34243878618896,YISHUN AVENUE 1,504.539564011,65.0
Trans,103.918978641798,1.34529257083654,103.923027648659,1.34749677471638,SIGLAP RISE,100.671542597,40.0
Trans,103.926116662632,1.35027305353398,103.923027648659,1.34749677471638,SELETAR CLOSE,40.7926413118,40.0
Trans,103.926116662632,1.35027305353398,103.927959513909,1.35369783365069,LORONG 3 GEYLANG,129.717735029,50.0
Trans,103.927959513909,1.35369783365069,103.928129340634,1.35401343545526,TAI KENG GARDENS,118.279172455,50.0
Trans,103.930261547721,1.35791348729055,103.928129340634,1.35401343545526,BEDOK RESERVOIR ROAD,350.956321876,60.0
Trans,103.930261547721,1.35791348729055,103.930916053172,1.36034789293897,WATTEN HEIGHTS,110.222438148,40.0
Trans,103.930916053172,1.36034789293897,103.932524099189,1.36034719109373,TOH GUAN ROAD EAST,148.272127512,50.0
End,103.932524099189,1.36034719109373,103.934690344104,1.36034692381311,KEW HEIGHTS,66.0475989032,50.0
Taxi,103.667759628228,1.32601007340905,103.666605596851,1.32429527790218,SERVICE ROAD,84.8846040088,50.0
Trans,103.66759012031,1.3236786125976,103.666605596851,1.32429527790218,BEGONIA DRIVE,114.250502572,50.0
Trans,103.669939976154,1.3238254455827,103.66759012031,1.3236786125976,EATON WALK,87.4825917558,50.0
Trans,103.67006210438,1.32209487421536,103.669939976154,1.3238254455827,MIMOSA WALK,57.0174048093,50.0
Trans,103.67285183236,1.32229528846355,103.67006210438,1.32209487421536,LINCOLN ROAD,46.2876422356,50.0
Trans,103.675926051378,1.32251447621793,103.67285183236,1.32229528846355,JALAN MAS PUTEH,142.33614932,40.0
Trans,103.679120787851,1.3226985529811,103.675926051378,1.32251447621793,TIONG POH ROAD,72.2262487216,50.0
Trans,103.684081895288,1.32274107354447,103.679120787851,1.3226985529811,CHEOW KENG ROAD,72.6411574447,50.0
Trans,103.687242018956,1.3227390726984,103.684081895288,1.32274107354447,EUNOS ROAD 2,59.7163562138,50.0
Trans,103.690554966766,1.32273697039848,103.687242018956,1.3227390726984,CEYLON ROAD,161.469551045,50.0
Trans,103.693459618645,1.32273558240833,103.690554966766,1.32273697039848,CHESTNUT CRESCENT,79.272347435,50.0
Trans,103.696499555916,1.3226941737105,103.693459618645,1.32273558240833,NAMLY DRIVE,72.8966662155,40.0
Trans,103.696499555916,1.3226941737105,103.696514938749,1.32460901970595,MANDALAY ROAD,120.255446949,50.0
Trans,103.696514938749,1.32460901970595,103.696544749493,1.32776305488163,JALAN KELEMPONG,76.380576794,50.0
Trans,103.696544749493,1.32776305488163,103.6965183819,1.33061207601538,THOMSON CLOSE,69.3092316642,50.0
Trans,103.696518515547,1.33137262327183,103.6965183819,1.33061207601538,SERVICE ROAD,64.5866160454,50.0
Trans,103.696518641068,1.33212094744417,103.696518515547,1.33137262327183,PIONEER ROAD NORTH,211.750017814,60.0
Trans,103.696528740312,1.33483332752232,103.696518641068,1.33212094744417,IQBAL AVENUE,90.8261073201,40.0
Trans,103.696528740312,1.33483332752232,103.696074572399,1.33709936455516,STRATTON ROAD,75.6338317051,50.0
Trans,103.694989632887,1.33982796791854,103.696074572399,1.33709936455516,RIVER VALLEY CLOSE,192.451792731,50.0
Trans,103.693275673477,1.34210113863825,103.694989632887,1.33982796791854,WOODLANDS RING ROAD,279.544893265,50.0
Trans,103.693275673477,1.34210113863825,103.692507869947,1.34305954101269,PASIR PANJANG DRIVE,74.845087636,50.0
Trans,103.691749015109,1.34403200383305,103.692507869947,1.34305954101269,BEATTY ROAD,76.7022212298,50.0
Trans,103.691161018008,1.34484547109125,103.691749015109,1.34403200383305,EAST COAST ROAD,175.33151225,50.0
Trans,103.690463030012,1.34604183673788,103.691161018008,1.34484547109125,JALAN RAJAWALI,64.6211736586,50.0
Trans,103.690463030012,1.34604183673788,103.697882854184,1.3550743300599,YIO CHU KANG ROAD,177.017159897,56.6666666666667
Trans,103.697882854184,1.3550743300599,103.707326869664,1.36468060378374,TUAS VIEW SQUARE,159.53273049,50.0
Trans,103.707326869664,1.36468060378374,103.741554568918,1.38667397924363,SERVICE ROAD,78.8757370873,50.0
Trans,103.745579982283,1.38940148977097,103.741554568918,1.38667397924363,UPPER CHANGI ROAD,164.366930949,50.0
Trans,103.745579982283,1.38940148977097,103.750963382125,1.38937764287043,SUNGEI KADUT STREET 6,124.705716047,50.0
Trans,103.750963382125,1.38937764287043,103.755161723282,1.38876859862697,TOA PAYOH WEST,339.24219485,50.0
Trans,103.755161723282,1.38876859862697,103.754245532786,1.39168200972172,TELOK KURAU ROAD,98.5618469922,50.0
Trans,103.754245532786,1.39168200972172,103.753994641318,1.3935333315747,FABER DRIVE,70.2601409798,40.0
Trans,103.753994641318,1.3935333315747,103.753881150277,1.39437074709234,CORONATION WALK,195.805767726,50.0
Trans,103.754451252578,1.39658560831586,103.753881150277,1.39437074709234,CHESTNUT AVENUE,580.472260216,50.0
Trans,103.755186491159,1.39867496825191,103.754451252578,1.39658560831586,CHENG SOON GARDEN,58.5704971235,50.0
Trans,103.756044043667,1.40283742579768,103.755186491159,1.39867496825191,LORONG SARINA,70.4823723939,50.0
Trans,103.756173580235,1.40507378594688,103.756044043667,1.40283742579768,STILL ROAD,83.3758655404,60.0
Trans,103.756088172211,1.4074369264771,103.756173580235,1.40507378594688,UPPER SERANGOON ROAD,145.832579236,65.0
Trans,103.756088172211,1.4074369264771,103.755959562819,1.40848714918575,MARSILING ROAD,310.207682694,50.0
Trans,103.755854126282,1.41147426420197,103.755959562819,1.40848714918575,SIGLAP HILL,88.0073460795,40.0
Trans,103.755854126282,1.41147426420197,103.760391622543,1.41174812301074,ANG MO KIO AVENUE 5,235.777825836,60.0
Trans,103.760391622543,1.41174812301074,103.763113742059,1.41050848781307,JALAN BINCHANG,146.784975009,40.0
Trans,103.763113742059,1.41050848781307,103.767497004593,1.41014379798348,FRANKEL WALK,125.427755299,40.0
Trans,103.771683383031,1.40999018619883,103.767497004593,1.41014379798348,OUTRAM ROAD,287.077068196,60.0
Trans,103.771683383031,1.40999018619883,103.77595551787,1.41078241217903,SERVICE ROAD,76.9751364064,50.0
Trans,103.77595551787,1.41078241217903,103.778476698369,1.41082528931703,PASIR PANJANG DRIVE,43.0115503571,50.0
Trans,103.778476698369,1.41082528931703,103.783220543508,1.41090311576703,SERANGOON AVENUE 1,166.649808436,50.0
Trans,103.783220543508,1.41090311576703,103.78733856665,1.41222795279124,.,509.610287848,50.0
Trans,103.790452033327,1.41285862973301,103.78733856665,1.41222795279124,CENTRAL EXPRESSWAY,179.872572865,82.0
Trans,103.790452033327,1.41285862973301,103.790769379761,1.41296892552411,LEEDON PARK,72.8297462718,50.0
Trans,103.790769379761,1.41296892552411,103.794679331401,1.4143417196649,SERVICE ROAD,82.5167100307,50.0
Trans,103.794679331401,1.4143417196649,103.798070833387,1.41530721745044,LINCOLN ROAD,44.6559598099,50.0
Trans,103.801311283585,1.41606579989233,103.798070833387,1.41530721745044,TAI SENG STREET,291.756210419,50.0
Trans,103.803195334122,1.41608313536515,103.801311283585,1.41606579989233,MANDALAY ROAD,93.6602248544,50.0
Trans,103.804798082315,1.41485527012871,103.803195334122,1.41608313536515,JALAN KILANG,105.820331102,50.0
Trans,103.804798082315,1.41485527012871,103.80600931711,1.41083946469866,JALAN RINDU,37.0332663708,50.0
Trans,103.80600931711,1.41083946469866,103.808021055817,1.40568587026344,COMPASSVALE ROAD,197.487551461,50.0
Trans,103.808021055817,1.40568587026344,103.810045578449,1.40506527193612,FABER DRIVE,71.284233097,40.0
Trans,103.810045578449,1.40506527193612,103.811808683911,1.40272644815698,WOODLANDS AVENUE 1,283.214574062,50.0
Trans,103.811808683911,1.40272644815698,103.812995886732,1.40035642458724,OLD CHOA CHU KANG ROAD,241.411715182,50.0
Trans,103.812995886732,1.40035642458724,103.814114750885,1.39734546723827,YISHUN AVENUE 4,141.173464655,50.0
Trans,103.814114750885,1.39734546723827,103.815634014844,1.39557161871575,RIFLE RANGE ROAD,84.5541109136,50.0
Trans,103.815634014844,1.39557161871575,103.818822489484,1.39434085759894,JURONG WEST STREET 64,256.442251444,50.0
Trans,103.818822489484,1.39434085759894,103.827372126535,1.39294778570841,DUKU PLACE,77.6612603929,50.0
Trans,103.827372126535,1.39294778570841,103.833444738951,1.39429424561761,SHIPYARD ROAD,136.709631321,50.0
Trans,103.829907776202,1.3967817381406,103.833444738951,1.39429424561761,LUCKY VIEW,68.8888970159,40.0
Trans,103.828127339116,1.39981777511944,103.829907776202,1.3967817381406,FLORISSA PARK,83.8977684305,50.0
Trans,103.827480980719,1.40435181673836,103.828127339116,1.39981777511944,SARACA TERRACE,95.607529088,50.0
Trans,103.827480980719,1.40435181673836,103.828461553206,1.40756683314482,TAMPINES AVENUE 4,94.9183535751,60.0
Trans,103.829723095566,1.41008315753017,103.828461553206,1.40756683314482,.,140.457559303,50.0
Trans,103.829723095566,1.41008315753017,103.831545308331,1.41376936135994,JOO CHIAT WALK,57.9928334872,50.0
Trans,103.831545308331,1.41376936135994,103.833750410022,1.41820268831308,ZION ROAD,48.7096994253,60.0
Trans,103.833750410022,1.41820268831308,103.834738893984,1.42032734247306,HIGHLAND ROAD,81.5100918357,40.0
Trans,103.835013860821,1.42290877128555,103.834738893984,1.42032734247306,KEPPEL ROAD,535.226111189,65.0
Trans,103.831491420967,1.42293314669226,103.835013860821,1.42290877128555,COMPASSVALE ROAD,206.408153984,50.0
Trans,103.831491420967,1.42293314669226,103.829483595799,1.42413252135263,MEYAPPA CHETTIAR ROAD,195.6632347,50.0
Trans,103.827645078377,1.42567707211954,103.829483595799,1.42413252135263,LOYANG WAY 2,158.254426813,50.0
Trans,103.826276426605,1.42629553302715,103.827645078377,1.42567707211954,ANG MO KIO STREET 61,440.446814927,50.0
Trans,103.826276426605,1.42629553302715,103.825572862127,1.42487151092493,AIDA STREET,147.027211852,40.0
Trans,103.825572862127,1.42487151092493,103.825179034584,1.42254376174416,BELMONT ROAD,60.7870556201,40.0
Trans,103.824629062309,1.41970766060143,103.825179034584,1.42254376174416,HUME AVENUE,99.6749015063,50.0
Trans,103.823857604425,1.41656481620981,103.824629062309,1.41970766060143,MOULMEIN RISE,106.099243554,50.0
Trans,103.823079672797,1.41341102033067,103.823857604425,1.41656481620981,HOW SUN ROAD,89.2094065134,50.0
Trans,103.823079672797,1.41341102033067,103.822303625004,1.41114142697728,LORONG 1 GEYLANG,273.319418388,50.0
Trans,103.820379471503,1.40713563946105,103.822303625004,1.41114142697728,AH HOOD ROAD,98.95461196,50.0
Start,103.820379471503,1.40713563946105,103.822303625004,1.41114142697728,AH HOOD ROAD,98.95461196,50.0
