Taxi,103.857547482906,1.32080670427042,103.856641373989,1.32158397195378,TAGORE AVENUE,107.732343731,40.0
Trans,103.858528845473,1.32005020738572,103.857547482906,1.32080670427042,JALAN BUMBONG,70.6314458486,40.0
Trans,103.860614503192,1.31835951846192,103.858528845473,1.32005020738572,BAYFRONT LANE 1,152.314359594,50.0
Trans,103.860614503192,1.31835951846192,103.862501471874,1.32076397608985,LORONG K TELOK KURAU,55.5578142586,50.0
Trans,103.864658879513,1.31974389014737,103.862501471874,1.32076397608985,LINDEN DRIVE,57.3643329223,50.0
Trans,103.864658879513,1.31974389014737,103.865440915443,1.32091651578844,JALAN LANA,87.6532895691,40.0
Trans,103.866879804434,1.3231066838896,103.865440915443,1.32091651578844,LYNDHURST ROAD,102.898951982,50.0
Trans,103.866879804434,1.3231066838896,103.867945141879,1.32493747724225,MINBU ROAD,163.197386762,50.0
Trans,103.867945141879,1.32493747724225,103.869904403713,1.32328560596477,SEA BREEZE AVENUE,44.8076315302,50.0
Trans,103.871289615319,1.3210426907179,103.869904403713,1.32328560596477,PASIR RIS DRIVE 4,210.85675223,50.0
Trans,103.871289615319,1.3210426907179,103.87279753869,1.3180292610951,MANDAI ESTATE,61.1765645247,50.0
Trans,103.87279753869,1.3180292610951,103.873131376046,1.31720949870609,FARRER ROAD,93.6060636081,70.0
Trans,103.873131376046,1.31720949870609,103.873009721704,1.31505124901474,SELETAR EXPRESSWAY,382.070012457,85.0
Trans,103.87369179319,1.31384016679803,103.873009721704,1.31505124901474,LORONG M TELOK KURAU,75.8930416803,50.0
Trans,103.874032261014,1.31285984443463,103.87369179319,1.31384016679803,MARINE PARADE ROAD,32.0859979871,60.0
Trans,103.874032261014,1.31285984443463,103.875015932132,1.31318419811352,THIRD LOK YANG ROAD,348.984432024,50.0
Trans,103.875015932132,1.31318419811352,103.87618529904,1.31357037006783,TAI HWAN WALK,90.1112477101,40.0
Trans,103.87618529904,1.31357037006783,103.877030782915,1.31384989592966,MARLENE AVENUE,191.114314839,50.0
Trans,103.877030782915,1.31384989592966,103.877979846375,1.31416054236773,STAMFORD ROAD,183.200747764,50.0
Trans,103.877979846375,1.31416054236773,103.87904726511,1.31442720430534,ONE TREE HILL,68.3177813709,40.0
Trans,103.87904726511,1.31442720430534,103.87993476176,1.3145951310608,JALAN HIBORAN,78.83087085,40.0
Trans,103.87993476176,1.3145951310608,103.880677121043,1.31473380980585,UPPER BUKIT TIMAH ROAD,248.722943169,63.3333333333333
Trans,103.880677121043,1.31473380980585,103.881306037819,1.31484553616154,CROSS STREET,148.08212959,50.0
Trans,103.881306037819,1.31484553616154,103.881821793299,1.31493589191435,LUCKY VIEW,96.5978857695,40.0
Trans,103.881821793299,1.31493589191435,103.883050284271,1.31517213276569,ANGORA CLOSE,173.814705396,40.0
Trans,103.883716723145,1.31529982563544,103.883050284271,1.31517213276569,JALAN SELASEH,67.8142962,40.0
Trans,103.884918643633,1.31551607118842,103.883716723145,1.31529982563544,YISHUN CENTRAL,400.042965985,50.0
Trans,103.884918643633,1.31551607118842,103.886710415779,1.31584732731079,SIAK KEW AVENUE,248.684250075,40.0
Trans,103.886710415779,1.31584732731079,103.888081202156,1.31610663078837,BISHOPSGATE,28.9232836262,50.0
Trans,103.889009883056,1.31837790695725,103.888081202156,1.31610663078837,CASUARINA ROAD,169.39484708,40.0
Trans,103.889009883056,1.31837790695725,103.888782739241,1.31932813024471,JOO KOON ROAD,338.833104098,50.0
Trans,103.888782739241,1.31932813024471,103.888697788789,1.32049402027802,MANDAI ROAD,481.75720355,70.0
Start,103.888782739241,1.31932813024471,103.888697788789,1.32049402027802,MANDAI ROAD,481.75720355,70.0
Trans,103.89156328017,1.31999535303452,103.888782739241,1.31932813024471,UPPER JURONG ROAD,401.95269536,70.0
Trans,103.891267385456,1.32131770958383,103.89156328017,1.31999535303452,CACTUS CRESCENT,192.8282071,50.0
Trans,103.891267385456,1.32131770958383,103.890958849533,1.3229362352542,SERVICE ROAD,29.4379262206,50.0
Trans,103.88511797214,1.32219656367865,103.890958849533,1.3229362352542,JALAN KOLAM AYER,333.64261796,50.0
Trans,103.88511797214,1.32219656367865,103.881668136079,1.32086047050612,CLEANTECH LOOP,139.705421948,50.0
Trans,103.881422049435,1.32254506614859,103.881668136079,1.32086047050612,DUNEARN ROAD,297.304289393,70.0
Trans,103.881422049435,1.32254506614859,103.881131628253,1.32405433559886,DEFU LANE 1,76.0885513603,50.0
Trans,103.881131628253,1.32405433559886,103.880786027207,1.32541996769216,BOURNEMOUTH ROAD,63.2807282552,50.0
Trans,103.880569124632,1.32615600416689,103.880786027207,1.32541996769216,TEO KIM ENG ROAD,89.3387166369,40.0
Trans,103.880055223882,1.32777189413894,103.880569124632,1.32615600416689,DUCHESS AVENUE,131.442763685,50.0
Trans,103.880055223882,1.32777189413894,103.879210634589,1.33058490692371,LENGKOK BAHRU,123.566275554,50.0
Trans,103.879210634589,1.33058490692371,103.879027285623,1.33126247705667,JALAN MULIA,61.8673792225,40.0
Trans,103.879027285623,1.33126247705667,103.878424316308,1.33379654503083,KAKI BUKIT AVENUE 2,185.952351781,50.0
Trans,103.87800248538,1.33569783735804,103.878424316308,1.33379654503083,CHESTNUT AVENUE,183.409060382,50.0
Trans,103.875698188999,1.33846911919307,103.87800248538,1.33569783735804,LENGKONG DUA,457.431581931,40.0
Trans,103.870738335948,1.33944626697967,103.875698188999,1.33846911919307,STEVENS ROAD,257.83637399,60.0
Trans,103.870801013445,1.343349693299,103.870738335948,1.33944626697967,THRIFT DRIVE,53.7518207189,40.0
Trans,103.870801013445,1.343349693299,103.870798552731,1.3442535277478,MOULMEIN ROAD,139.6696085,60.0
Trans,103.871529680833,1.3461557546136,103.870798552731,1.3442535277478,JALAN HAJI ALIAS,84.479703906,40.0
Trans,103.872519946058,1.34826401269944,103.871529680833,1.3461557546136,TOA PAYOH NORTH,28.9564812979,50.0
Trans,103.869864280202,1.35148269776097,103.872519946058,1.34826401269944,EAST COAST PARK SERVICE ROAD,404.26792703,50.0
Trans,103.870501819944,1.3536994049063,103.869864280202,1.35148269776097,TUAS BASIN LINK,162.686396721,50.0
Trans,103.870453026996,1.35459878867308,103.870501819944,1.3536994049063,SEMBAWANG WALK,117.548707371,50.0
Trans,103.870390230342,1.35559994919405,103.870453026996,1.35459878867308,TUAS VIEW PLACE,73.1798842536,50.0
Trans,103.870390230342,1.35559994919405,103.867782334629,1.35530405593148,DEFU LANE 4,126.70150564,50.0
Trans,103.866441448444,1.35483486517192,103.867782334629,1.35530405593148,LORONG 3 GEYLANG,56.3456068214,50.0
Trans,103.865443596574,1.35435553029642,103.866441448444,1.35483486517192,DEVONSHIRE ROAD,126.86543433,50.0
Trans,103.86459183353,1.35400340466298,103.865443596574,1.35435553029642,SIAN TUAN AVENUE,66.892623999,40.0
Trans,103.862699128434,1.35411082159687,103.86459183353,1.35400340466298,LORONG SARINA,69.7361775427,50.0
Trans,103.8606452476,1.35462368391653,103.862699128434,1.35411082159687,YUK TONG AVENUE,62.9264275188,40.0
Trans,103.8606452476,1.35462368391653,103.856854778546,1.35539906312666,JALAN SIANTAN,184.913503045,50.0
Trans,103.85776586789,1.35921583666618,103.856854778546,1.35539906312666,EDGEFIELD PLAINS,358.356834821,50.0
Trans,103.858958855246,1.36256709436358,103.85776586789,1.35921583666618,NAMLY AVENUE,103.055563329,40.0
Trans,103.859969142972,1.36539216175148,103.858958855246,1.36256709436358,KUNG CHONG ROAD,172.955863633,50.0
Trans,103.86085770868,1.36937193461632,103.859969142972,1.36539216175148,LEEDON ROAD,96.7222231817,40.0
Trans,103.859581194384,1.37325087892654,103.86085770868,1.36937193461632,LORONG 7 REALTY PARK,32.9709591718,50.0
Trans,103.859420683918,1.37361704219025,103.859581194384,1.37325087892654,LIMAU GARDEN,88.6150064327,50.0
Trans,103.858511566518,1.37649409403956,103.859420683918,1.37361704219025,KISMIS AVENUE,75.0522655617,50.0
Trans,103.858511566518,1.37649409403956,103.861062568102,1.37731876981428,PONGGOL SEVENTEENTH AVENUE,144.454165715,50.0
Trans,103.861062568102,1.37731876981428,103.863110303404,1.37786577928937,CHATSWORTH AVENUE,152.782446421,50.0
Trans,103.863110303404,1.37786577928937,103.867278621614,1.37849358497839,BEDOK RIA CRESCENT,51.3670545092,50.0
Trans,103.867278621614,1.37849358497839,103.869754526567,1.37860224833524,BUKIT BATOK EAST AVENUE 5,370.923026555,50.0
Trans,103.871786427192,1.37869494895001,103.869754526567,1.37860224833524,KENT ROAD,58.2955568245,50.0
Trans,103.871786427192,1.37869494895001,103.874335130837,1.37882017472756,JURONG WEST STREET 64,303.047738991,50.0
Trans,103.876617088607,1.3789284457441,103.874335130837,1.37882017472756,SUNGEI KADUT STREET 3,280.778165342,50.0
Trans,103.876868376665,1.38297698869555,103.876617088607,1.3789284457441,CHANGI SOUTH AVENUE 4,205.969749325,50.0
Trans,103.877257017263,1.38334904264147,103.876868376665,1.38297698869555,LORONG SELANGAT,79.5508683324,40.0
End,103.877515350303,1.38485883078866,103.877257017263,1.38334904264147,PINEWOOD GROVE,87.8320184366,40.0
Taxi,103.912669833103,1.31444137114833,103.912859603971,1.31404913261726,SENGKANG EAST WAY,267.159308075,60.0
Trans,103.912669833103,1.31444137114833,103.91202768182,1.31430269887992,TUDOR CLOSE,40.9180894336,50.0
Trans,103.91202768182,1.31430269887992,103.911446358627,1.31417727199429,LOYANG WAY 4,70.5756085998,50.0
Trans,103.911446358627,1.31417727199429,103.910899749383,1.31406007531798,TEMBELING ROAD,83.2626061364,50.0
Trans,103.910899749383,1.31406007531798,103.910180484016,1.31390504859579,SERVICE ROAD,100.923752433,50.0
Trans,103.910180484016,1.31390504859579,103.909978184189,1.31436981315833,BEDOK ROAD,71.8111619072,50.0
Trans,103.909720360364,1.31494974451255,103.909978184189,1.31436981315833,TUAS ROAD,257.025390818,60.0
Trans,103.909129770644,1.31481626287375,103.909720360364,1.31494974451255,SERVICE ROAD,35.4601907385,50.0
Trans,103.909129770644,1.31481626287375,103.908690075352,1.31472545136224,PUNGGOL EAST,367.764134588,65.0
Trans,103.908690075352,1.31472545136224,103.90832423009,1.31465018110825,OLD HOLLAND ROAD,56.9421446722,50.0
Trans,103.906316627136,1.31424620942147,103.90832423009,1.31465018110825,CORPORATION DRIVE,151.68591429,50.0
Trans,103.906316627136,1.31424620942147,103.906183081205,1.31452003067439,CHOA CHU KANG AVENUE 1,180.100352617,50.0
Trans,103.905871875162,1.31528147177164,103.906183081205,1.31452003067439,CHANGI BUSINESS PARK CENTRAL 1,139.140514552,50.0
Trans,103.905871875162,1.31528147177164,103.905610050694,1.31592287131592,TOWNSHEND ROAD,75.3960958963,50.0
Trans,103.905610050694,1.31592287131592,103.905086166914,1.31760963145249,READ CRESCENT,76.2680865004,50.0
Trans,103.905086166914,1.31760963145249,103.90318417806,1.317246986239,LORONG AH SOO,101.242016163,50.0
Trans,103.90318417806,1.317246986239,103.901338243863,1.3168936998116,BOON LAY WAY,152.901065661,70.0
Trans,103.899571180034,1.31658474496269,103.901338243863,1.3168936998116,KAMPONG JAVA ROAD,187.679049693,60.0
Trans,103.899571180034,1.31658474496269,103.899279044603,1.31652879508807,MARTABAN ROAD,175.360076401,50.0
Trans,103.897557223807,1.31618786694538,103.899279044603,1.31652879508807,SERVICE ROAD,33.4234094865,50.0
Trans,103.897557223807,1.31618786694538,103.896895171065,1.3160332589507,PAN ISLAND EXPRESSWAY,250.091510339,85.0
Trans,103.896895171065,1.3160332589507,103.895986472714,1.31585852076941,LORONG J TELOK KURAU,48.570854844,50.0
Trans,103.895986472714,1.31585852076941,103.894775284713,1.31562815014449,COUNTRYSIDE LINK,101.889015784,50.0
Trans,103.894775284713,1.31562815014449,103.894055739045,1.31548558915182,LORONG KEMUNCHUP,35.3630076699,40.0
Trans,103.892171863633,1.31508842082883,103.894055739045,1.31548558915182,TEMBELING ROAD,84.0382574101,50.0
Trans,103.892171863633,1.31508842082883,103.892231015425,1.31547132581078,PAYA LEBAR ROAD,42.8512116634,50.0
Trans,103.892231015425,1.31547132581078,103.892259408762,1.31687464407793,WATTEN ESTATE ROAD,74.6643608863,40.0
Trans,103.892259408762,1.31687464407793,103.89156328017,1.31999535303452,TUAS VIEW CLOSE,94.0724210621,50.0
Trans,103.891267385456,1.32131770958383,103.89156328017,1.31999535303452,CACTUS CRESCENT,192.8282071,50.0
Trans,103.891267385456,1.32131770958383,103.890958849533,1.3229362352542,SERVICE ROAD,29.4379262206,50.0
Trans,103.88511797214,1.32219656367865,103.890958849533,1.3229362352542,JALAN KOLAM AYER,333.64261796,50.0
Trans,103.88511797214,1.32219656367865,103.881668136079,1.32086047050612,CLEANTECH LOOP,139.705421948,50.0
Trans,103.881422049435,1.32254506614859,103.881668136079,1.32086047050612,DUNEARN ROAD,297.304289393,70.0
Trans,103.881422049435,1.32254506614859,103.881131628253,1.32405433559886,DEFU LANE 1,76.0885513603,50.0
Trans,103.881131628253,1.32405433559886,103.880786027207,1.32541996769216,BOURNEMOUTH ROAD,63.2807282552,50.0
Trans,103.880569124632,1.32615600416689,103.880786027207,1.32541996769216,TEO KIM ENG ROAD,89.3387166369,40.0
Trans,103.880055223882,1.32777189413894,103.880569124632,1.32615600416689,DUCHESS AVENUE,131.442763685,50.0
Trans,103.880055223882,1.32777189413894,103.879210634589,1.33058490692371,LENGKOK BAHRU,123.566275554,50.0
Trans,103.879210634589,1.33058490692371,103.879027285623,1.33126247705667,JALAN MULIA,61.8673792225,40.0
Trans,103.879027285623,1.33126247705667,103.878424316308,1.33379654503083,KAKI BUKIT AVENUE 2,185.952351781,50.0
Trans,103.87800248538,1.33569783735804,103.878424316308,1.33379654503083,CHESTNUT AVENUE,183.409060382,50.0
Trans,103.875698188999,1.33846911919307,103.87800248538,1.33569783735804,LENGKONG DUA,457.431581931,40.0
Trans,103.870738335948,1.33944626697967,103.875698188999,1.33846911919307,STEVENS ROAD,257.83637399,60.0
Trans,103.870801013445,1.343349693299,103.870738335948,1.33944626697967,THRIFT DRIVE,53.7518207189,40.0
Trans,103.870099323488,1.34297746625867,103.870801013445,1.343349693299,CLAYMORE HILL,293.706241591,50.0
Trans,103.870099323488,1.34297746625867,103.868198398911,1.34327600514299,KALIDASA AVENUE,62.9876698933,40.0
Trans,103.865478423989,1.3442801696802,103.868198398911,1.34327600514299,RIVER VALLEY ROAD,114.596447228,50.0
Trans,103.864265242985,1.34419236314739,103.865478423989,1.3442801696802,BUKIT BATOK WEST AVENUE 7,237.569283595,50.0
Trans,103.864265242985,1.34419236314739,103.863180051261,1.34384504434216,JALAN BESAR,90.2280100755,50.0
Trans,103.862164218342,1.34358650020838,103.863180051261,1.34384504434216,JALAN KILANG,135.668547233,50.0
Trans,103.860444665956,1.34338219013958,103.862164218342,1.34358650020838,MERRYN ROAD,65.3767752465,40.0
Trans,103.860444665956,1.34338219013958,103.861494332977,1.34039247674096,INTERNATIONAL ROAD,144.818144057,60.0
Trans,103.861494332977,1.34039247674096,103.862192823335,1.33595430046113,WEST COAST PARK,96.5332429611,50.0
Trans,103.862192823335,1.33595430046113,103.862249800147,1.33378202316729,PASIR RIS DRIVE 3,187.508367754,60.0
Trans,103.862249800147,1.33378202316729,103.862547899332,1.33048800401019,ANCHORVALE STREET,350.113118771,50.0
Trans,103.862547899332,1.33048800401019,103.85767634732,1.32935694002499,JOO CHIAT TERRACE,149.89532329,50.0
Trans,103.855484344042,1.32913309515047,103.85767634732,1.32935694002499,SERVICE ROAD,71.9213084943,50.0
Trans,103.852600088315,1.32939019217358,103.855484344042,1.32913309515047,UPPER THOMSON ROAD,386.2263951,63.3333333333333
Trans,103.849730696913,1.32962792668135,103.852600088315,1.32939019217358,GREENLEAF ROAD,131.780674499,40.0
Trans,103.846147566051,1.32978775490105,103.849730696913,1.32962792668135,NAMLY PLACE,75.5299737939,40.0
Trans,103.846147566051,1.32978775490105,103.840445727059,1.32909045429047,WOODLANDS CRESCENT,211.999463192,50.0
Trans,103.837249405044,1.32717743279987,103.840445727059,1.32909045429047,ANDREWS TERRACE,37.3702571404,50.0
Trans,103.834526450241,1.32637188008896,103.837249405044,1.32717743279987,LYNDHURST ROAD,104.738692925,50.0
Trans,103.827267484501,1.32651064070624,103.834526450241,1.32637188008896,BUROH CRESCENT,669.95408926,50.0
Trans,103.824488572697,1.32825739387868,103.827267484501,1.32651064070624,COTSWOLD CLOSE,69.7409267272,40.0
Trans,103.821620788289,1.32981603307545,103.824488572697,1.32825739387868,JALAN GEMALA,233.427107073,50.0
Trans,103.820250768373,1.3304200428215,103.821620788289,1.32981603307545,TOH TUCK PLACE,71.5787203376,50.0
Trans,103.819715933245,1.33070410206603,103.820250768373,1.3304200428215,JURONG WEST STREET 91,295.940674925,50.0
Trans,103.816568675161,1.3325980944777,103.819715933245,1.33070410206603,BROADRICK ROAD,123.412684768,50.0
Trans,103.810241912785,1.33570919409656,103.816568675161,1.3325980944777,.,66.9152989869,50.0
Trans,103.806489591115,1.33900703615722,103.810241912785,1.33570919409656,WEST COAST GROVE,40.0939973575,50.0
Trans,103.803725663501,1.34184555423763,103.806489591115,1.33900703615722,TANJONG KATONG ROAD,182.350773726,50.0
Trans,103.801363471325,1.34434969496763,103.803725663501,1.34184555423763,GUL DRIVE,209.4342184,50.0
Trans,103.799663605152,1.34612978596243,103.801363471325,1.34434969496763,JALAN ANGKLONG,71.4335790153,50.0
Trans,103.791334947958,1.34951312954048,103.799663605152,1.34612978596243,GUL LANE,473.55358299,50.0
Trans,103.787769955747,1.35346151191621,103.791334947958,1.34951312954048,CARLISLE ROAD,120.139024635,50.0
Trans,103.787396819066,1.3536992537139,103.787769955747,1.35346151191621,JALAN SENANG,173.861442649,40.0
Trans,103.785083020741,1.3552561278166,103.787396819066,1.3536992537139,WOODLANDS DRIVE 63,136.568076045,50.0
Trans,103.783151737009,1.35703252779984,103.785083020741,1.3552561278166,DEFU LANE 5,75.4480262118,50.0
Trans,103.783151737009,1.35703252779984,103.781230188346,1.35974879351628,SERVICE ROAD,45.1422191546,50.0
Trans,103.781230188346,1.35974879351628,103.780257683469,1.36215639405514,SERVICE ROAD,57.6210066437,50.0
Trans,103.779618225194,1.36538382858254,103.780257683469,1.36215639405514,AYER RAJAH EXPRESSWAY,72.11423745,84.0
Trans,103.779175147885,1.36799259046728,103.779618225194,1.36538382858254,JALAN NAGA SARI,173.918903645,50.0
Trans,103.779175147885,1.36799259046728,103.778128220933,1.37209601139266,GHIM MOH ROAD,157.294532511,50.0
Trans,103.778128220933,1.37209601139266,103.777093349585,1.37548445049301,MARINE PARADE ROAD,168.059125387,60.0
Trans,103.777093349585,1.37548445049301,103.773356086822,1.37647089679978,JALAN LAPANG,86.4101451187,40.0
Trans,103.773356086822,1.37647089679978,103.77183756345,1.37740383637633,JALAN JELITA,61.5204697605,50.0
Trans,103.77183756345,1.37740383637633,103.770374200084,1.37830900924303,YISHUN INDUSTRIAL PARK A,214.609158944,50.0
Trans,103.769197629095,1.37904140624353,103.770374200084,1.37830900924303,SIGLAP DRIVE,71.797585503,40.0
Trans,103.767597140768,1.38004707830375,103.769197629095,1.37904140624353,SELETAR CLOSE,71.3425792304,40.0
Trans,103.767597140768,1.38004707830375,103.766230616148,1.37784180578891,.,96.0949428371,50.0
Trans,103.764716968219,1.37815857232407,103.766230616148,1.37784180578891,LOTUS AVENUE,65.2989556468,50.0
Trans,103.763628720253,1.37788447588716,103.764716968219,1.37815857232407,CHANGI ROAD,72.6074076786,60.0
Trans,103.762161443792,1.37748071869067,103.763628720253,1.37788447588716,JALAN BELIBAS,101.51036802,50.0
Trans,103.761234391771,1.37966667154314,103.762161443792,1.37748071869067,SERANGOON AVENUE 3,221.153415906,50.0
Trans,103.761234391771,1.37966667154314,103.759281584524,1.38330148114462,CASHEW ROAD,137.02607948,50.0
Trans,103.757795713585,1.38476321721376,103.759281584524,1.38330148114462,JALAN PARI BURONG,90.8260406806,50.0
Trans,103.755161723282,1.38876859862697,103.757795713585,1.38476321721376,UPPER EAST COAST ROAD,244.275471589,50.0
Trans,103.750963382125,1.38937764287043,103.755161723282,1.38876859862697,TOA PAYOH WEST,339.24219485,50.0
Trans,103.745579982283,1.38940148977097,103.750963382125,1.38937764287043,SUNGEI KADUT STREET 6,124.705716047,50.0
Trans,103.745579982283,1.38940148977097,103.741554568918,1.38667397924363,UPPER CHANGI ROAD,164.366930949,50.0
Trans,103.707326869664,1.36468060378374,103.741554568918,1.38667397924363,SERVICE ROAD,78.8757370873,50.0
Trans,103.707326869664,1.36468060378374,103.713546717833,1.35785512091286,CANNING RISE,49.0562946473,50.0
Trans,103.71741265684,1.35603256089955,103.713546717833,1.35785512091286,.,423.816584703,50.0
Trans,103.71741265684,1.35603256089955,103.723318162176,1.35536389237183,UPPER JURONG ROAD,98.4912447843,70.0
Trans,103.723318162176,1.35536389237183,103.725951282173,1.35465853770207,BUKIT MERAH LANE 2,99.4338426637,50.0
Start,103.723318162176,1.35536389237183,103.725951282173,1.35465853770207,BUKIT MERAH LANE 2,99.4338426637,50.0
Trans,103.71741265684,1.35603256089955,103.723318162176,1.35536389237183,UPPER JURONG ROAD,98.4912447843,70.0
Trans,103.71741265684,1.35603256089955,103.713546717833,1.35785512091286,.,423.816584703,50.0
Trans,103.707326869664,1.36468060378374,103.713546717833,1.35785512091286,CANNING RISE,49.0562946473,50.0
Trans,103.707326869664,1.36468060378374,103.741554568918,1.38667397924363,SERVICE ROAD,78.8757370873,50.0
Trans,103.745579982283,1.38940148977097,103.741554568918,1.38667397924363,UPPER CHANGI ROAD,164.366930949,50.0
Trans,103.745579982283,1.38940148977097,103.750963382125,1.38937764287043,SUNGEI KADUT STREET 6,124.705716047,50.0
Trans,103.750963382125,1.38937764287043,103.755161723282,1.38876859862697,TOA PAYOH WEST,339.24219485,50.0
Trans,103.755161723282,1.38876859862697,103.757795713585,1.38476321721376,UPPER EAST COAST ROAD,244.275471589,50.0
Trans,103.757795713585,1.38476321721376,103.759281584524,1.38330148114462,JALAN PARI BURONG,90.8260406806,50.0
Trans,103.761234391771,1.37966667154314,103.759281584524,1.38330148114462,CASHEW ROAD,137.02607948,50.0
Trans,103.761234391771,1.37966667154314,103.762161443792,1.37748071869067,SERANGOON AVENUE 3,221.153415906,50.0
Trans,103.762161443792,1.37748071869067,103.763628720253,1.37788447588716,JALAN BELIBAS,101.51036802,50.0
Trans,103.763628720253,1.37788447588716,103.764716968219,1.37815857232407,CHANGI ROAD,72.6074076786,60.0
Trans,103.764716968219,1.37815857232407,103.766230616148,1.37784180578891,LOTUS AVENUE,65.2989556468,50.0
Trans,103.767597140768,1.38004707830375,103.766230616148,1.37784180578891,.,96.0949428371,50.0
Trans,103.767597140768,1.38004707830375,103.769197629095,1.37904140624353,SELETAR CLOSE,71.3425792304,40.0
Trans,103.769197629095,1.37904140624353,103.770374200084,1.37830900924303,SIGLAP DRIVE,71.797585503,40.0
Trans,103.77183756345,1.37740383637633,103.770374200084,1.37830900924303,YISHUN INDUSTRIAL PARK A,214.609158944,50.0
Trans,103.773356086822,1.37647089679978,103.77183756345,1.37740383637633,JALAN JELITA,61.5204697605,50.0
Trans,103.777093349585,1.37548445049301,103.773356086822,1.37647089679978,JALAN LAPANG,86.4101451187,40.0
Trans,103.778128220933,1.37209601139266,103.777093349585,1.37548445049301,MARINE PARADE ROAD,168.059125387,60.0
Trans,103.779175147885,1.36799259046728,103.778128220933,1.37209601139266,GHIM MOH ROAD,157.294532511,50.0
Trans,103.779175147885,1.36799259046728,103.779618225194,1.36538382858254,JALAN NAGA SARI,173.918903645,50.0
Trans,103.779618225194,1.36538382858254,103.780257683469,1.36215639405514,AYER RAJAH EXPRESSWAY,72.11423745,84.0
Trans,103.781230188346,1.35974879351628,103.780257683469,1.36215639405514,SERVICE ROAD,57.6210066437,50.0
Trans,103.783151737009,1.35703252779984,103.781230188346,1.35974879351628,SERVICE ROAD,45.1422191546,50.0
Trans,103.783151737009,1.35703252779984,103.785083020741,1.3552561278166,DEFU LANE 5,75.4480262118,50.0
Trans,103.785083020741,1.3552561278166,103.787396819066,1.3536992537139,WOODLANDS DRIVE 63,136.568076045,50.0
Trans,103.787396819066,1.3536992537139,103.787769955747,1.35346151191621,JALAN SENANG,173.861442649,40.0
Trans,103.787769955747,1.35346151191621,103.791334947958,1.34951312954048,CARLISLE ROAD,120.139024635,50.0
Trans,103.791334947958,1.34951312954048,103.799663605152,1.34612978596243,GUL LANE,473.55358299,50.0
Trans,103.799663605152,1.34612978596243,103.801363471325,1.34434969496763,JALAN ANGKLONG,71.4335790153,50.0
Trans,103.801363471325,1.34434969496763,103.803725663501,1.34184555423763,GUL DRIVE,209.4342184,50.0
Trans,103.803725663501,1.34184555423763,103.806489591115,1.33900703615722,TANJONG KATONG ROAD,182.350773726,50.0
Trans,103.806489591115,1.33900703615722,103.810241912785,1.33570919409656,WEST COAST GROVE,40.0939973575,50.0
Trans,103.810241912785,1.33570919409656,103.816568675161,1.3325980944777,.,66.9152989869,50.0
Trans,103.816568675161,1.3325980944777,103.819715933245,1.33070410206603,BROADRICK ROAD,123.412684768,50.0
Trans,103.819715933245,1.33070410206603,103.820250768373,1.3304200428215,JURONG WEST STREET 91,295.940674925,50.0
Trans,103.820250768373,1.3304200428215,103.821620788289,1.32981603307545,TOH TUCK PLACE,71.5787203376,50.0
Trans,103.821620788289,1.32981603307545,103.824488572697,1.32825739387868,JALAN GEMALA,233.427107073,50.0
Trans,103.824488572697,1.32825739387868,103.827267484501,1.32651064070624,COTSWOLD CLOSE,69.7409267272,40.0
Trans,103.827267484501,1.32651064070624,103.834526450241,1.32637188008896,BUROH CRESCENT,669.95408926,50.0
Trans,103.834526450241,1.32637188008896,103.837249405044,1.32717743279987,LYNDHURST ROAD,104.738692925,50.0
Trans,103.837249405044,1.32717743279987,103.840445727059,1.32909045429047,ANDREWS TERRACE,37.3702571404,50.0
Trans,103.846147566051,1.32978775490105,103.840445727059,1.32909045429047,WOODLANDS CRESCENT,211.999463192,50.0
Trans,103.846147566051,1.32978775490105,103.849730696913,1.32962792668135,NAMLY PLACE,75.5299737939,40.0
Trans,103.849730696913,1.32962792668135,103.852600088315,1.32939019217358,GREENLEAF ROAD,131.780674499,40.0
Trans,103.852600088315,1.32939019217358,103.855484344042,1.32913309515047,UPPER THOMSON ROAD,386.2263951,63.3333333333333
Trans,103.855484344042,1.32913309515047,103.85767634732,1.32935694002499,SERVICE ROAD,71.9213084943,50.0
Trans,103.862547899332,1.33048800401019,103.85767634732,1.32935694002499,JOO CHIAT TERRACE,149.89532329,50.0
Trans,103.862249800147,1.33378202316729,103.862547899332,1.33048800401019,ANCHORVALE STREET,350.113118771,50.0
Trans,103.862192823335,1.33595430046113,103.862249800147,1.33378202316729,PASIR RIS DRIVE 3,187.508367754,60.0
Trans,103.861494332977,1.34039247674096,103.862192823335,1.33595430046113,WEST COAST PARK,96.5332429611,50.0
Trans,103.860444665956,1.34338219013958,103.861494332977,1.34039247674096,INTERNATIONAL ROAD,144.818144057,60.0
Trans,103.860444665956,1.34338219013958,103.862164218342,1.34358650020838,MERRYN ROAD,65.3767752465,40.0
Trans,103.862164218342,1.34358650020838,103.863180051261,1.34384504434216,JALAN KILANG,135.668547233,50.0
Trans,103.864265242985,1.34419236314739,103.863180051261,1.34384504434216,JALAN BESAR,90.2280100755,50.0
Trans,103.864265242985,1.34419236314739,103.865478423989,1.3442801696802,BUKIT BATOK WEST AVENUE 7,237.569283595,50.0
Trans,103.865478423989,1.3442801696802,103.868198398911,1.34327600514299,RIVER VALLEY ROAD,114.596447228,50.0
Trans,103.870099323488,1.34297746625867,103.868198398911,1.34327600514299,KALIDASA AVENUE,62.9876698933,40.0
Trans,103.870099323488,1.34297746625867,103.870801013445,1.343349693299,CLAYMORE HILL,293.706241591,50.0
Trans,103.870801013445,1.343349693299,103.870738335948,1.33944626697967,THRIFT DRIVE,53.7518207189,40.0
Trans,103.870738335948,1.33944626697967,103.870335385346,1.33573816739287,COMMONWEALTH AVENUE,524.881872992,60.0
Trans,103.869819633728,1.33378192195093,103.870335385346,1.33573816739287,TAGORE AVENUE,77.1533046901,40.0
Trans,103.869439603101,1.33229195203017,103.869819633728,1.33378192195093,WATTEN PARK,218.75034294,40.0
Trans,103.869439603101,1.33229195203017,103.869011517612,1.33055098628904,SERVICE ROAD,122.497501775,50.0
Trans,103.868432601958,1.32824888193989,103.869011517612,1.33055098628904,JALAN DATOH,240.761995506,50.0
Trans,103.868432601958,1.32824888193989,103.868121139598,1.32548521585417,JAMBOL PLACE,192.176918147,50.0
Trans,103.867945141879,1.32493747724225,103.868121139598,1.32548521585417,LORONG MARICAN,77.7803946313,40.0
Trans,103.867945141879,1.32493747724225,103.869904403713,1.32328560596477,SEA BREEZE AVENUE,44.8076315302,50.0
Trans,103.871289615319,1.3210426907179,103.869904403713,1.32328560596477,PASIR RIS DRIVE 4,210.85675223,50.0
Trans,103.871289615319,1.3210426907179,103.87279753869,1.3180292610951,MANDAI ESTATE,61.1765645247,50.0
Trans,103.87279753869,1.3180292610951,103.873131376046,1.31720949870609,FARRER ROAD,93.6060636081,70.0
Trans,103.873131376046,1.31720949870609,103.873009721704,1.31505124901474,SELETAR EXPRESSWAY,382.070012457,85.0
Trans,103.87369179319,1.31384016679803,103.873009721704,1.31505124901474,LORONG M TELOK KURAU,75.8930416803,50.0
Trans,103.874032261014,1.31285984443463,103.87369179319,1.31384016679803,MARINE PARADE ROAD,32.0859979871,60.0
Trans,103.874032261014,1.31285984443463,103.874385169047,1.31174785890843,BOAT QUAY,95.7177143035,50.0
Trans,103.874385169047,1.31174785890843,103.874586001106,1.31128009408059,SENGKANG EAST DRIVE,132.836115964,70.0
Trans,103.875235610635,1.31153517760492,103.874586001106,1.31128009408059,CHU YEN STREET,111.572822965,40.0
Trans,103.875783851674,1.31174681082325,103.875235610635,1.31153517760492,GUL WAY,250.820186308,50.0
Trans,103.875783851674,1.31174681082325,103.876640093811,1.31207650060996,TUAS AVENUE 1,261.101785106,50.0
Trans,103.876640093811,1.31207650060996,103.878119792996,1.31243636541617,TUAS AVENUE 5,337.960867637,50.0
Trans,103.878119792996,1.31243636541617,103.878361570372,1.31112213579365,FIDELIO STREET,108.569648906,40.0
Trans,103.878566847195,1.30998462903731,103.878361570372,1.31112213579365,SERVICE ROAD,80.6107815117,50.0
Trans,103.878634337083,1.30961465074621,103.878566847195,1.30998462903731,PASIR RIS WALK,343.064848757,50.0
Trans,103.879210254358,1.30984097862458,103.878634337083,1.30961465074621,GUILLEMARD ROAD,68.9112395865,60.0
Trans,103.879497299705,1.30990556813438,103.879210254358,1.30984097862458,MACPHERSON ROAD,136.575973266,50.0
Trans,103.879497299705,1.30990556813438,103.880140255543,1.3100429241891,MACPHERSON ROAD,121.405393533,50.0
Trans,103.880140255543,1.3100429241891,103.881121502305,1.31024984959222,LORONG 27 GEYLANG,48.7168632492,50.0
Trans,103.881121502305,1.31024984959222,103.881783798252,1.31039130277449,TOH GUAN ROAD EAST,276.328611289,50.0
Trans,103.882747670888,1.31059474813365,103.881783798252,1.31039130277449,KEMPAS ROAD,85.455157302,50.0
Trans,103.882747670888,1.31059474813365,103.883375639575,1.3107281647334,WEST COAST TERRACE,69.2825249618,50.0
Trans,103.883352454477,1.31151800026095,103.883375639575,1.3107281647334,LORONG 24 GEYLANG,87.3740921883,50.0
Trans,103.883352454477,1.31151800026095,103.883332180465,1.31220581202514,WATTEN ESTATE ROAD,220.615853739,40.0
End,103.883311169861,1.3129082846095,103.883332180465,1.31220581202514,SELETAR CRESCENT,69.0543160604,40.0
Taxi,103.850275303908,1.34976921491957,103.850896143554,1.35068092280838,JALAN TENTERAM,258.029727542,50.0
Trans,103.852340287074,1.35086740159846,103.850896143554,1.35068092280838,HOLLAND ROAD,133.04140502,66.6666666666667
Trans,103.852340287074,1.35086740159846,103.852538436176,1.35200082295546,MOUNT ELIZABETH,79.5212989164,50.0
Trans,103.851355219275,1.35321490604973,103.852538436176,1.35200082295546,PASIR RIS STREET 21,155.127129172,50.0
Trans,103.849730854696,1.35332972941043,103.851355219275,1.35321490604973,KAMPONG BAHRU ROAD,271.445683799,60.0
Trans,103.848398700128,1.35364199120447,103.849730854696,1.35332972941043,OLD UPPER THOMSON ROAD,125.779415408,50.0
Trans,103.846520814952,1.3553149349913,103.848398700128,1.35364199120447,BEDOK RIA CRESCENT,143.751930446,50.0
Trans,103.846156552052,1.35661206384714,103.846520814952,1.3553149349913,TECH PARK CRESCENT,123.992443967,50.0
Trans,103.845129436589,1.35755006454942,103.846156552052,1.35661206384714,RANGOON ROAD,123.783280975,50.0
Trans,103.844812296534,1.3592431350768,103.845129436589,1.35755006454942,NEW LOYANG LINK,96.4126942313,50.0
Trans,103.841856474832,1.36079861886623,103.844812296534,1.3592431350768,POH HUAT DRIVE,112.634605448,50.0
Trans,103.841856474832,1.36079861886623,103.842984488836,1.36434467656226,CHUAN DRIVE,123.638774913,50.0
Trans,103.842984488836,1.36434467656226,103.844310501722,1.36665867756616,JALAN PAYOH LAI,142.830316199,40.0
Trans,103.844310501722,1.36665867756616,103.844800435942,1.36735266903067,BEECHWOOD GROVE,88.4397066914,40.0
Trans,103.844800435942,1.36735266903067,103.845420246892,1.36909081156788,LORONG 26 GEYLANG,162.337946554,50.0
Trans,103.849728924884,1.36902599664714,103.845420246892,1.36909081156788,EUNOS AVENUE 3,129.912386291,50.0
Trans,103.849728924884,1.36902599664714,103.848142115208,1.37321811668358,LORONG STANGEE,52.2644480722,50.0
Trans,103.847742973379,1.3767333829933,103.848142115208,1.37321811668358,JALAN TARI LILIN,84.0223483459,50.0
Trans,103.847742973379,1.3767333829933,103.844698797367,1.37734366890219,SIMS AVENUE,111.068359327,60.0
Trans,103.844698797367,1.37734366890219,103.841948057204,1.37719057430112,JALAN RAJAH,114.906448564,50.0
Trans,103.839564556605,1.37708601484872,103.841948057204,1.37719057430112,FERNVALE LANE,106.193552014,50.0
Trans,103.839564556605,1.37708601484872,103.839828308751,1.37959251610824,QUEEN ASTRID PARK,48.7918487567,40.0
Trans,103.838642179433,1.38228307297627,103.839828308751,1.37959251610824,JALAN KERIS,89.8670349809,50.0
Trans,103.838642179433,1.38228307297627,103.840052119691,1.38314571283913,YUNNAN ROAD,97.5839008964,50.0
Trans,103.840052119691,1.38314571283913,103.843142450031,1.38397729317034,JALAN TENGGIRI,137.599190796,50.0
Trans,103.843142450031,1.38397729317034,103.841626695927,1.38773910065319,TANAH MERAH KECHIL RIDGE,121.131908051,50.0
Trans,103.840429664433,1.38990053476655,103.841626695927,1.38773910065319,WARNA ROAD,259.302461245,50.0
Trans,103.837502462717,1.39199022334129,103.840429664433,1.38990053476655,SERVICE ROAD,28.9296838581,50.0
Trans,103.833444738951,1.39429424561761,103.837502462717,1.39199022334129,BINCHANG RISE,71.7286532744,50.0
Trans,103.833444738951,1.39429424561761,103.838966944079,1.39559446468038,KEW HEIGHTS,86.3951924753,50.0
Trans,103.838966944079,1.39559446468038,103.842681294705,1.39643710099822,.,68.4789149272,50.0
Trans,103.842681294705,1.39643710099822,103.847791742977,1.3965548188901,UPPER BUKIT TIMAH ROAD,266.765047187,63.3333333333333
Trans,103.847791742977,1.3965548188901,103.849731149124,1.39648185641009,SERVICE ROAD,41.7480235869,50.0
Trans,103.849731149124,1.39648185641009,103.856533907846,1.39981298131544,BUKIT BATOK EAST AVENUE 6,401.339972583,60.0
Trans,103.856533907846,1.39981298131544,103.865576445238,1.40094903727455,ENG KONG DRIVE,54.7917314253,50.0
Trans,103.868276808015,1.40102170059851,103.865576445238,1.40094903727455,OLD AIRPORT ROAD,138.703928113,50.0
Trans,103.868276808015,1.40102170059851,103.871769993353,1.40107428250558,COMPASSVALE WALK,141.348329944,50.0
Trans,103.871769993353,1.40107428250558,103.876213061995,1.40119534019632,SERVICE ROAD,109.000773668,50.0
Trans,103.876213061995,1.40119534019632,103.879689978519,1.4012709787188,FERNHILL CRESCENT,78.8791265777,50.0
Trans,103.879689978519,1.4012709787188,103.882853713957,1.4012890656176,TAMARIND ROAD,67.8769404054,50.0
Trans,103.882853713957,1.4012890656176,103.886669290261,1.40119162673288,SELEGIE ROAD,137.077377777,50.0
Trans,103.886669290261,1.40119162673288,103.891068853085,1.40066787402411,MOONBEAM TERRACE,142.705932861,50.0
Trans,103.891068853085,1.40066787402411,103.893499543986,1.40038512817421,LIM CHU KANG LANE 3,309.654446017,50.0
Trans,103.893499543986,1.40038512817421,103.895971227148,1.39992412035775,CHANGI BUSINESS PARK CENTRAL 2,201.084861632,50.0
Trans,103.895971227148,1.39992412035775,103.900416005754,1.39855522854202,KERIS DRIVE,93.4142581613,50.0
Trans,103.903583416981,1.39687301923418,103.900416005754,1.39855522854202,SAKRA AVENUE,626.257593336,50.0
Trans,103.906399345831,1.39474234473225,103.903583416981,1.39687301923418,SUNGEI KADUT AVENUE,93.1764614047,60.0
Trans,103.906399345831,1.39474234473225,103.907690523817,1.39353349510905,RICHARDS PLACE,129.860045497,40.0
Trans,103.907690523817,1.39353349510905,103.9086924736,1.39241523210312,JALAN BULOH PERINDU,78.6380873848,50.0
Trans,103.9086924736,1.39241523210312,103.909180460213,1.39183165480021,LENGKONG EMPAT,148.035543571,40.0
Trans,103.911670653852,1.38894577070235,103.909180460213,1.39183165480021,ROBIN CLOSE,68.8523235787,50.0
Trans,103.911670653852,1.38894577070235,103.914547055847,1.39228842558832,PASIR PANJANG HILL,148.882592716,50.0
Trans,103.914547055847,1.39228842558832,103.91543356723,1.39353323635071,JALAN PELAJAU,108.414935749,40.0
Trans,103.91543356723,1.39353323635071,103.916722880048,1.39534364814398,.,129.354330719,50.0
Trans,103.916722880048,1.39534364814398,103.923603243958,1.38844522805101,.,214.937432426,50.0
Trans,103.934308990815,1.37988283847733,103.923603243958,1.38844522805101,SERVICE ROAD,46.8370033463,50.0
Trans,103.934308990815,1.37988283847733,103.937005537832,1.3779494342653,BUKIT BATOK EAST AVENUE 6,292.605207118,60.0
Trans,103.937005537832,1.3779494342653,103.939135749684,1.37635437644635,BUKIT TUNGGAL ROAD,77.7351707312,50.0
Trans,103.941043113827,1.37492638673132,103.939135749684,1.37635437644635,LOK YANG WAY,205.149526916,50.0
Trans,103.94501435509,1.3729952123902,103.941043113827,1.37492638673132,SERVICE ROAD,89.8473011154,50.0
Trans,103.947347187964,1.37206844795507,103.94501435509,1.3729952123902,STEVENS ROAD,121.006023531,60.0
Trans,103.947347187964,1.37206844795507,103.948474423355,1.37546332074258,PARK STREET,190.446992283,50.0
Trans,103.948474423355,1.37546332074258,103.951174880143,1.37487966252706,LOTHIAN TERRACE,64.7305953153,40.0
Trans,103.951174880143,1.37487966252706,103.951106767832,1.37308955839327,SERVICE ROAD,51.7280744185,50.0
Trans,103.951106767832,1.37308955839327,103.950111339429,1.37201737297133,WHITE HOUSE PARK,231.903110911,50.0
Start,103.951106767832,1.37308955839327,103.950111339429,1.37201737297133,WHITE HOUSE PARK,231.903110911,50.0
Trans,103.951174880143,1.37487966252706,103.951106767832,1.37308955839327,SERVICE ROAD,51.7280744185,50.0
Trans,103.948474423355,1.37546332074258,103.951174880143,1.37487966252706,LOTHIAN TERRACE,64.7305953153,40.0
Trans,103.947347187964,1.37206844795507,103.948474423355,1.37546332074258,PARK STREET,190.446992283,50.0
Trans,103.947347187964,1.37206844795507,103.94501435509,1.3729952123902,STEVENS ROAD,121.006023531,60.0
Trans,103.94501435509,1.3729952123902,103.941043113827,1.37492638673132,SERVICE ROAD,89.8473011154,50.0
Trans,103.941043113827,1.37492638673132,103.939135749684,1.37635437644635,LOK YANG WAY,205.149526916,50.0
Trans,103.937005537832,1.3779494342653,103.939135749684,1.37635437644635,BUKIT TUNGGAL ROAD,77.7351707312,50.0
Trans,103.934308990815,1.37988283847733,103.937005537832,1.3779494342653,BUKIT BATOK EAST AVENUE 6,292.605207118,60.0
Trans,103.934308990815,1.37988283847733,103.923603243958,1.38844522805101,SERVICE ROAD,46.8370033463,50.0
Trans,103.916722880048,1.39534364814398,103.923603243958,1.38844522805101,.,214.937432426,50.0
Trans,103.91543356723,1.39353323635071,103.916722880048,1.39534364814398,.,129.354330719,50.0
Trans,103.914547055847,1.39228842558832,103.91543356723,1.39353323635071,JALAN PELAJAU,108.414935749,40.0
Trans,103.911670653852,1.38894577070235,103.914547055847,1.39228842558832,PASIR PANJANG HILL,148.882592716,50.0
Trans,103.911670653852,1.38894577070235,103.909180460213,1.39183165480021,ROBIN CLOSE,68.8523235787,50.0
Trans,103.9086924736,1.39241523210312,103.909180460213,1.39183165480021,LENGKONG EMPAT,148.035543571,40.0
Trans,103.907690523817,1.39353349510905,103.9086924736,1.39241523210312,JALAN BULOH PERINDU,78.6380873848,50.0
Trans,103.906399345831,1.39474234473225,103.907690523817,1.39353349510905,RICHARDS PLACE,129.860045497,40.0
Trans,103.906399345831,1.39474234473225,103.903583416981,1.39687301923418,SUNGEI KADUT AVENUE,93.1764614047,60.0
